1.09070532277545e-05
1.030013776492219e-05
9.684967295546049e-06
9.065880267523943e-06
8.447578020775868e-06
7.835092378374224e-06
7.233748165932849e-06
6.649178899913461e-06
6.08723725583901e-06
5.554055735148669e-06
5.055920537764476e-06
4.59930796496697e-06
4.190828960505185e-06
3.837175827511731e-06
3.545117504305639e-06
3.321446231279736e-06
3.172936391516227e-06
3.106315417056506e-06
3.12820930036195e-06
3.245129112429734e-06
3.463402259572522e-06
3.789155745281362e-06
4.228268963895063e-06
4.786323806855534e-06
5.468572235938903e-06
6.279922120239778e-06
7.224874404363495e-06
8.307489030831469e-06
9.531355575161804e-06
1.089956639715345e-05
1.241470635805504e-05
1.407879296938352e-05
1.589320277840407e-05
1.785879847012149e-05
1.997573900288007e-05
2.224361676514712e-05
2.466125583187047e-05
2.722690411802164e-05
2.993805056381482e-05
3.279158306673621e-05
3.57835817640202e-05
3.890950481667847e-05
4.216410497601772e-05
4.554147501774484e-05
4.903492772639028e-05
5.26372537981732e-05
5.634050498480962e-05
6.013615428595659e-05
6.401498973115467e-05
6.796730883573801e-05
7.198282438544484e-05
7.605073311794833e-05
8.015974713976759e-05
8.429808583135187e-05
8.845369530035866e-05
9.261403548942519e-05
9.676631194263836e-05
0.0001008973915506938
0.0001049940402320245
0.0001090427391968491
0.000113029953538073
0.0001169420064958038
0.0001207652620680052
0.0001244861724172492
0.000128091247374209
0.000131567159290947
0.0001349008884032486
0.0001380796073118722
0.0001410908539237423
0.0001439227027510187
0.0001465634156168486
0.000149002055591711
0.0001512280303917443
0.0001532315846998269
0.0001550034274742407
0.0001565350862229959
0.0001578188941203608
0.0001588478909157979
0.0001596160990172457
0.0001601183967236963
0.0001603504362006507
0.0001603089776392926
0.000159991808940897
0.0001593975906809714
0.0001585261067246457
0.000157378104272919
0.0001559554839870107
0.00015426111324322
0.0001522991102418416
0.0001500744016664392
0.0001475931964371177
0.0001448625980358689
0.0001418908612884142
0.0001386872002146634
0.0001352618351576965
0.0001316260131329706
0.0001277918318913312
0.0001237723270671905
0.0001195813797644441
0.000115233708362418
0.0001107448027871943
0.0001061308799079016
0.0001014087464769156
9.659583306988285e-05
9.17101777308191e-05
8.677017097000665e-05
8.179473237891095e-05
7.680306528132907e-05
7.181464775866719e-05
6.684910037615971e-05
6.192616492829005e-05
5.70656931671499e-05
5.2287427620116e-05
4.761097667162681e-05
4.305584641566506e-05
3.8641155098147e-05
3.438573987571564e-05
3.030796976580328e-05
2.642567737711309e-05
2.275620069251828e-05
1.931616435989936e-05
1.612141759356922e-05
1.318708381976395e-05
1.052738802899251e-05
8.155638025952262e-06
6.084124945242852e-06
4.324143061343972e-06
2.885830500032781e-06
1.778195013688676e-06
1.009066346899355e-06
5.850207245172847e-07
5.113722741378126e-07
7.921230011726325e-07
1.429961675058624e-06
2.426212343936898e-06
3.780846368127723e-06
5.492447727975612e-06
7.558224310644699e-06
9.974021753989557e-06
1.273429983753293e-05
1.583214097640518e-05
1.925932330878957e-05
2.300628228516809e-05
2.706217191170692e-05
3.141485048237626e-05
3.605102913491492e-05
4.09562289836992e-05
4.611477482451564e-05
5.151002201775831e-05
5.712423968719462e-05
6.293884088890405e-05
6.893424886624727e-05
7.509016042795192e-05
8.138554526903224e-05
8.779863446321919e-05
9.430718550450517e-05
0.000100888447530573
0.0001075192398892986
0.0001141761203469163
0.0001208353110723451
0.000127473094198219
0.0001340655727680054
0.0001405889539923357
0.0001470196097879509
0.0001533342020073878
0.0001595096241044001
0.0001655232415743802
0.0001713530263483031
0.000176977448180948
0.0001823757912038094
0.0001875280144419696
0.0001924150134237389
0.0001970186158251845
0.000201321604398046
0.000205307973292481
0.0002089628028533241
0.0002122723341888658
0.0002152241724804718
0.0002178072757344748
0.0002200118083321984
0.0002218296309673086
0.0002232537273478565
0.0002242788330525481
0.0002249010827509438
0.0002251181169559941
0.0002249291739266438
0.0002243349492664499
0.0002233378370163521
0.0002219415225487592
0.000220151445540833
0.0002179744033475657
0.0002154187641609983
0.0002124942286211458
0.000209212028096403
0.0002055846109882693
0.0002016259122405387
0.0001973510318903682
0.0001927761354425243
0.0001879187295587382
0.0001827972512623782
0.000177431180171756
0.0001718408901721711
0.0001660475352233347
0.0001600730602823972
0.000153940000775014
0.0001476714821858079
0.0001412910662926034
0.0001348226968496636
0.0001282905421590138
0.0001217189502962259
0.0001151323969877942
0.0001085552052726959
0.0001020116349735252
9.552569664772602e-05
8.912099399678107e-05
8.282085510979521e-05
7.664787185501795e-05
7.062422011178701e-05
6.477116802920514e-05
5.910932252770236e-05
5.365832769418135e-05
4.843694098107285e-05
4.34627493455223e-05
3.875232655512811e-05
3.432106298581188e-05
3.018307700932421e-05
2.635116345229066e-05
2.283684684001461e-05
1.965017141115915e-05
1.67998232841716e-05
1.429297984112684e-05
1.213534136803224e-05
1.033111156748228e-05
8.882950104861806e-06
7.792024748773917e-06
7.057942240346252e-06
6.678799803415976e-06
6.651222437219592e-06
6.970301715956337e-06
7.629710572363989e-06
8.621701954732407e-06
9.937136140934143e-06
1.156551960598555e-05
1.349513630346766e-05
1.57129746540223e-05
1.820492620885771e-05
2.095575909065156e-05
2.394919601785849e-05
2.71681225152314e-05
3.059440666394805e-05
3.420931062523149e-05
3.799331464224381e-05
4.192633054714429e-05
4.598773204819211e-05
5.015662294982458e-05
5.441165288217624e-05
5.873139526698968e-05
6.309422660086534e-05
6.747860786943771e-05
7.186307021345265e-05
7.622628800695399e-05
8.054734441264155e-05
8.480568067584562e-05
8.898119910943996e-05
9.305444664723788e-05
9.700661024127224e-05
0.0001008196106581864
0.0001044763399618388
0.0001079605072608053
0.0001112568956074339
0.0001143512997248257
0.0001172306888950347
0.0001198831903147974
0.0001222983204698872
0.0001244667121440142
0.0001263803929754923
0.0001280328866122388
0.0001294189714797095
0.0001305349158528451
0.0001313783693375282
0.0001319485101432051
0.0001322459238076704
0.0001322725918184786
0.0001320320867351678
0.0001315291056132812
0.000130769923579294
0.0001297621363678605
0.0001285145578730261
0.0001270374038549249
0.0001253418846557722
0.0001234404924584497
0.0001213467361113793
0.0001190751738725766
0.0001166412808916294
0.0001140612118467576
0.0001113521340107367
0.0001085317049185378
0.0001056182137003506
0.0001026304288632669
9.958746647512707e-05
9.650881486686191e-05
9.341394657688406e-05
9.032263381434947e-05
8.725443952219638e-05
8.422887126434079e-05
8.126519980957148e-05
7.838225423259225e-05
7.559854233688278e-05
7.29319151674615e-05
7.039967759736198e-05
6.801825911818979e-05
6.580338526176056e-05
6.376978347368707e-05
6.193120001966408e-05
6.030026398409056e-05
5.888851359385978e-05
5.770620524482365e-05
5.676227621343026e-05
5.606447759733893e-05
5.561894877113564e-05
5.543051255313926e-05
5.550253865110573e-05
5.58368694745818e-05
5.643380787309663e-05
5.729214664210592e-05
5.840914582877826e-05
5.978057552477293e-05
6.14006008060758e-05
6.326195830809433e-05
6.535586227324952e-05
6.767213769086129e-05
7.01992077701425e-05
7.292412318459793e-05
7.583266754499888e-05
7.890947064720071e-05
8.213791092734517e-05
8.550035987243448e-05
8.897824083078133e-05
9.255205121424925e-05
9.620147213539414e-05
9.990558984102241e-05
0.0001036428212710953
0.0001073911995217614
0.0001111283159144952
0.0001148316256185768
0.0001184784287434092
0.0001220460429983694
0.0001255119366321188
0.0001288537790556326
0.0001320497803406745
0.0001350785060585273
0.0001379192607771581
0.0001405521140275252
0.0001429579753002908
0.0001451188131744603
0.0001470176510663805
0.0001486388697116303
0.000149967992842788
0.0001509922246953076
0.0001517001296764488
0.000152081960930863
0.0001521296407131183
0.0001518369381049805
0.0001511994959418636
0.0001502147358584338
0.000148882145670662
0.0001472031902642429
0.0001451813738855282
0.0001428222847684367
0.0001401334970272151
0.0001371247402178556
0.0001338078244206382
0.0001301965383804451
0.0001263067314935374
0.000122156331497085
0.00011776497629684
0.0001131544000530113
0.0001083480952573533
0.0001033712058206583
9.825060489836933e-05
9.301474205064554e-05
8.769342702775042e-05
8.231781350593303e-05
7.6920342083957e-05
7.153444802736274e-05
6.619454571635017e-05
6.093584505445679e-05
5.579414069232236e-05
5.080579770674771e-05
4.600746046349491e-05
4.143597018466595e-05
3.712810023530581e-05
3.312047696367433e-05
2.944941173102956e-05
2.615063712967045e-05
2.325919234475955e-05
2.080924691971867e-05
1.883388664930772e-05
1.736501544345948e-05
1.643311398806887e-05
1.606710903506188e-05
1.629420387944914e-05
1.713971434054959e-05
1.862693415591363e-05
2.077699599827408e-05
2.360866933317218e-05
2.713836531299526e-05
3.137986788023586e-05
3.634432077267961e-05
4.204011362815158e-05
4.847274181323571e-05
5.56448170205736e-05
6.355591409306841e-05
7.220257327820741e-05
8.157818829485619e-05
9.167317745567121e-05
0.0001024746793751407
0.000113966785053051
0.0001261303365003063
0.0001389433284841085
0.000152380441321627
0.0001664135189667002
0.0001810114773449951
0.000196140320845347
0.0002117633500519503
0.0002278413102256996
0.0002443323585917727
0.0002611922612841336
0.0002783746459141617
0.0002958310815639125
0.0003135113294634116
0.0003313632224096832
0.0003493334426247012
0.0003673670324871656
0.0003854082150281337
0.0004034003856098069
0.0004212860927015111
0.0004390077163297515
0.0004565073449263398
0.0004737273628491909
0.0004906103978688177
0.0005070995202338358
0.0005231391920968443
0.0005386743590515787
0.0005536517367692908
0.0005680195090905078
0.0005817279326916334
0.0005947292000279744
0.0006069779743012097
0.0006184313134026256
0.0006290494605994544
0.0006387954117685389
0.0006476355170431772
0.0006555397273570157
0.0006624812121526279
0.0006684374778236554
0.0006733897276384107
0.0006773233322438087
0.0006802279425149467
0.0006820975275357917
0.000682930783376311
0.0006827306375827275
0.0006815049216274457
0.0006792660556774931
0.0006760309068768747
0.0006718217822110562
0.0006666649409828588
0.0006605917437274943
0.0006536380938315704
0.0006458445726014637
0.0006372559479300699
0.0006279217846519644
0.0006178955344364382
0.0006072351065113542
0.0005960021205189088
0.0005842619446053975
0.0005720836562366138
0.0005595396120568041
0.0005467052796003091
0.000533658855720184
0.0005204814637848749
0.0005072561638365342
0.0004940681970525018
0.0004810045567766199
0.0004681535309844793
0.0004556044595121347
0.0004434474864742431
0.000431773047703109
0.0004206716691492517
0.0004102334396156412
0.0004005478221073572
0.0003917031513470958
0.0003837863924813407
0.000376882690773651
0.0003710749559821683
0.0003664435944167057
0.000363066272930277
0.0003610172421306692
0.000360367177316054
0.0003611829551425463
0.0003635271816747581
0.0003674578225643446
0.0003730281753110872
0.0003802861533858047
0.0003892745538520755
0.0004000302544159272
0.0004125845148731796
0.0004269622453432612
0.0004431821775678987
0.0004612567331784076
0.0004811914633461383
0.0005029851836797135
0.0005266302519558921
0.0005521115135908197
0.0005794073509895643
0.0006084888922586457
0.0006393204872187455
0.0006718590787681959
0.000706055150805843
0.0007418520337419203
0.0007791865285814438
0.0008179887648225886
0.0008581823815074307
0.0008996847472923102
0.0009424071528159691
0.0009862552967507057
0.00103112897889779
0.001076922888937833
0.001123526874154926
0.001170825969375984
0.001218700805521253
0.001267028483338739
0.001315682313402652
0.00136453231300099
0.001413446078275871
0.001462288839882575
0.001510923939627451
0.001559213542521109
0.001607018577470545
0.001654199867121893
0.001700618193689311
0.001746134962290454
0.001790612447538907
0.001833914716950561
0.001875907815217281
0.001916460179846224
0.001955443320827211
0.00199273232706952
0.002028206277938953
0.002061748358144376
0.002093247415588115
0.002122596810943479
0.002149696035153947
0.002174450579649431
0.002196772793923647
0.002216581386367271
0.002233803013861634
0.002248371299996316
0.002260227914544675
0.002269323155763305
0.002275615066915783
0.00227907045216516
0.002279665006404333
0.002277383791292342
0.002272220047122165
0.002264177085784754
0.002253267027863237
0.002239511085385947
0.002222940478420888
0.002203594716494684
0.002181523423153437
0.002156784416587906
0.002129445130912443
0.002099581529495032
0.002067278138837472
0.002032627865896391
0.001995731511852558
0.001956698206443155
0.001915643897404179
0.001872692128567045
0.001827973002293387
0.001781622839181804
0.001733783991948457
0.001684604618883265
0.001634237057254447
0.00158283880157105
0.001530571181557135
0.001477598916905078
0.001424089572993832
0.001370213071229123
0.00131614116953342
0.001262046719644451
0.001208103488884893
0.001154484805234077
0.001101363736181871
0.001048911887274759
0.0009972996428537339
0.0009466943887327064
0.0008972609480495446
0.0008491607220316049
0.0008025506737833937
0.0007575834932194131
0.0007144063401870797
0.0006731610701204651
0.000633983140643447
0.0005970013571976928
0.0005623373668894833
0.0005301052324161451
0.000500411251295351
0.0004733529488061351
0.000449019439110954
0.0004274906577828384
0.0004088372152991684
0.0003931200512384128
0.0003803905398083424
0.0003706895459778983
0.0003640481622697063
0.0003604868789309345
0.0003600159846322252
0.0003626352942832545
0.0003683339772640141
0.0003770909853323559
0.000388874867804488
0.0004036436865622084
0.0004213455653372017
0.0004419186288854473
0.0004652912902806251
0.0004913824450775295
0.0005201016499458831
0.000551349644405831
0.0005850186185828165
0.0006209925197352294
0.0006591477285970743
0.0006993528159626634
0.0007414701323455357
0.0007853550184020802
0.0008308573393621493
0.0008778215265224142
0.000926087041660554
0.0009754895604096703
0.001025860706033743
0.001077029380089543
0.001128822021153188
0.00118106305284343
0.001233576067368231
0.001286183941053614
0.001338709800029225
0.001390977452826399
0.001442812275553266
0.001494041407720804
0.001544494733890445
0.001594005605290709
0.001642410804925705
0.001689552017374167
0.001735275658493242
0.001779433841186091
0.001821884880524911
0.001862493333501434
0.001901131467925397
0.001937678526687512
0.001972022209097735
0.002004058105016441
0.002033691052881881
0.002060834824889459
0.002085412674055937
0.002107357384212423
0.002126611843681177
0.002143128921366379
0.002156871745570698
0.00216781421164116
0.002175940085424693
0.002181244089359209
0.002183731629849944
0.002183418010197665
0.002180329503584209
0.002174502814788634
0.0021659841868702
0.002154830147696356
0.002141107416062329
0.002124891586289565
0.0021062678502174
0.00208532966919528
0.002062180204921737
0.002036929505839604
0.002009695679839054
0.001980604531009063
0.001949787986763252
0.001917384508080922
0.001883538654348437
0.00184839924928166
0.001812120336178502
0.001774859918119916
0.001736779325950826
0.001698042506812388
0.001658816011036349
0.001619267644790096
0.001579565782761152
0.00153987983766762
0.001500378130952996
0.001461228487822925
0.001422596545768627
0.001384646061665649
0.0013475379455657
0.001311429070512622
0.001276472893917403
0.001242817480700288
0.001210606335442983
0.001179976737296301
0.001151059567859683
0.001123979349395241
0.001098853070210321
0.001075789775242806
0.001054890915332387
0.001036248881133972
0.001019947637226163
0.001006061707760974
0.000994656257187724
0.000985786840385715
0.000979498896902966
0.0009758279166548427
0.0009747993543713432
0.0009764278318237116
0.0009807182479829211
0.000987664734777135
0.0009972510417664748
0.001009450905174027
0.001024227576829449
0.001041534380177204
0.001061314823076092
0.001083502630761912
0.001108022160984347
0.001134788651169321
0.001163708374072567
0.001194679495510318
0.001227591672672241
0.001262327108012395
0.001298760671979853
0.001336760839796157
0.001376189135240994
0.00141690195545474
0.001458750196078124
0.001501580058296191
0.001545233972372901
0.001589550308036392
0.001634365104718636
0.001679511728042074
0.001724821884079432
0.001770126732087487
0.001815256176527022
0.001860040759799913
0.001904312204663968
0.001947903086931463
0.00199064850122702
0.002032385804273637
0.002072955930874467
0.002112203568314344
0.002149977733460632
0.002186132595335353
0.002220527616742184
0.002253028675957701
0.002283507811659206
0.002311843986202239
0.002337923567797318
0.002361641145148519
0.002382899279241224
0.002401608424210209
0.002417688935752063
0.002431069744588995
0.002441689142795831
0.002449495259683874
0.002454445670755335
0.002456507976659463
0.002455660074790028
0.002451889266749734
0.002445193796784858
0.002435581300912943
0.002423070004108648
0.002407687410343392
0.002389471873788709
0.002368470355778333
0.002344739900734206
0.00231834688925801
0.002289366642877789
0.002257882506222606
0.002223987432283137
0.002187781373060227
0.002149372769576324
0.002108876582030041
0.002066415020921783
0.002022116433116488
0.001976115453672415
0.001928551294945524
0.00187956900447049
0.001829317133020912
0.00177794865631518
0.001725619102848006
0.001672487488195057
0.001618714023402984
0.001564461218736351
0.001509891567847412
0.001455168668364412
0.001400455955613182
0.001345915083669327
0.001291707136467461
0.00123799092317739
0.001184922416205679
0.001132655077996299
0.001081338287814393
0.001031117445503389
0.0009821331376688824
0.0009345209253553189
0.0008884110487111614
0.0008439272929299045
0.0008011871074887287
0.0007603013044067076
0.0007213731433141201
0.0006844988858749088
0.000649766486896535
0.0006172561639761773
0.0005870396231263842
0.0005591798031856207
0.0005337315759957182
0.0005107403147593815
0.0004902427452658794
0.000472266480708445
0.0004568300031553017
0.0004439428944979848
0.0004336053178252428
0.000425808787461254
0.0004205357102291239
0.0004177597187619686
0.0004174458196319669
0.0004195505782506808
0.0004240223616481201
0.0004308015143653564
0.0004398206148190969
0.0004510049711687206
0.0004642726529116471
0.0004795350328038148
0.0004966971927393675
0.0005156581500824574
0.0005363113827577829
0.0005585451948466338
0.0005822433573337668
0.0006072852391601296
0.0006335466078934109
0.0006608998584271697
0.0006892145686336693
0.0007183580851229806
0.0007481961348018181
0.0007785928451464164
0.0008094118903783467
0.0008405163821410582
0.0008717698856228948
0.0009030367847876326
0.0009341823755420896
0.0009650738672470099
0.0009955806368009063
0.001025574602090188
0.001054930879270987
0.001083527951592323
0.001111248397473624
0.001137978882675527
0.001163611039725367
0.001188041229732419
0.001211171535445213
0.001232909345644264
0.001253168594264516
0.001271868469359329
0.001288935551077428
0.001304302628146161
0.001317909605773628
0.001329703099751313
0.001339636894610022
0.001347672014383803
0.001353776924080419
0.001357927400271478
0.00136010641770407
0.001360303995746301
0.001358517992279666
0.001354753043663064
0.001349021117024776
0.001341341113574131
0.001331738765602493
0.001320246210518871
0.001306902363397289
0.001291752240984551
0.00127484707165039
0.001256243299915581
0.001236003334140914
0.001214194324112162
0.001190888845276278
0.001166163356884751
0.001140098724552096
0.001112779743077084
0.001084294565365675
0.001054734231610258
0.001024192766709756
0.0009927663095384886
0.0009605529951885332
0.0009276521880765813
0.0008941649192493613
0.0008601924263945473
0.0008258364541562494
0.0007911988077100616
0.0007563805785507635
0.000721482200461487
0.0006866029755988496
0.0006518405850799413
0.0006172905679489854
0.0005830465959597636
0.000549199516007365
0.0005158373323428593
0.0004830450450088672
0.0004509040088351853
0.000419491947056594
0.0003888825335858749
0.0003591455003528449
0.000330346097255847
0.0003025448142172399
0.0002757976926787813
0.0002501556977276928
0.0002256650335550059
0.0002023666861210489
0.0001802964715787714
0.0001594851065301079
0.0001399579808783959
0.0001217353193391121
0.0001048319630768724
8.925776276081938e-05
7.501727033424035e-05
6.211002115353444e-05
5.053058545142632e-05
4.026863234117724e-05
3.130912747234569e-05
2.363242222327673e-05
1.721450416205217e-05
1.202707803424266e-05
8.037831120784992e-06
5.210624255127736e-06
3.505691761699743e-06
2.879924470156948e-06
3.287079502169816e-06
4.678037716184468e-06
7.001067183303785e-06
1.020212186126705e-05
1.422505582752814e-05
1.901196154706119e-05
2.450344868941156e-05
3.06388535048513e-05
3.735661299933679e-05
4.459457756341298e-05
5.229010616880311e-05
6.038052482956488e-05
6.880340694565293e-05
7.749672415326211e-05
8.639913202976357e-05
9.545041481841405e-05
0.0001045913490707733
0.000113764389706991
0.0001229135614041934
0.0001319847923505697
0.0001409261707426824
0.0001496880298800978
0.0001582232678439046
0.0001664873074266577
0.000174438352761727
0.0001820376822331178
0.0001892494024404524
0.0001960409369910919
0.000202382773068108
0.0002082488257360022
0.0002136162394024329
0.0002184656994581415
0.0002227810541434636
0.0002265497301582149
0.0002297625378499817
0.0002324135998721142
0.0002345002746009718
0.0002360233650031684
0.0002369867206443203
0.0002373974095888173
0.000237265325420306
0.0002366033919835701
0.0002354272948809581
0.0002337551707253519
0.0002316079029631253
0.0002290083489285967
0.0002259819035909219
0.0002225556022885731
0.0002187585209517884
0.0002146211391229267
0.0002101754934977931
0.000205454795258809
0.0002004932252404645
0.0001953258692797196
0.0001899882532317738
0.0001845166624017227
0.0001789471627446609
0.0001733160480872402
0.0001676594265766409
0.0001620129047229046
0.0001564115965739215
0.0001508898913468076
0.000145481034574148
0.0001402173836659797
0.0001351298505872074
0.0001302479885922568
0.0001255997472546983
0.0001212112947291301
0.000117107103110731
0.0001133095393320844
0.0001098389126069051
0.0001067134729822328
0.0001039490907474438
0.0001015594643583612
9.955580750850915e-05
9.794707360620489e-05
9.673963989694934e-05
9.59375029884749e-05
9.554221160359295e-05
9.555282465867171e-05
9.596603895905099e-05
9.677614834115717e-05
9.797504769547593e-05
9.955240401960629e-05
0.0001014956751341036
0.0001037902104739273
0.0001064192628652845
0.0001093641333253334
0.0001126044937579267
0.0001161179880241902
0.0001198809982385717
0.000123868332387397
0.0001280534755304567
0.0001324087690769087
0.0001369057235587185
0.0001415148221022955
0.0001462059838633979
0.000150948646668488
0.0001557118859645242
0.0001604645985667145
0.0001651756984784497
0.0001698143590072354
0.0001743499826875838
0.0001787526264752018
0.0001829928049668137
0.0001870421407060503
0.0001908730684002544
0.000194459122566966
0.0001977753938809733
0.0002007980872589668
0.0002035051599975408
0.0002058761051249126
0.0002078923662195309
0.0002095371447317166
0.0002107956128881017
0.0002116551589391939
0.0002121051622162921
0.0002121373502448339
0.0002117456424565025
0.0002109261735144173
0.0002096775922327026
0.0002080008211505553
0.0002058990496960764
0.0002033779437459873
0.0002004454148355056
0.000197111733344994
0.0001933894751503821
0.000189293296859334
0.0001848401645986599
0.0001800490210056616
0.0001749408120632097
0.0001695383766452349
0.0001638664575588781
0.0001579513391796425
0.0001518210504623634
0.0001455048027759051
0.0001390333458829888
0.0001324385357939108
0.0001257531398117744
0.0001190109240714435
0.0001122462133230379
0.0001054940122273278
9.87896327440953e-05
9.216851699163965e-05
8.566628749425497e-05
7.931838319491988e-05
7.315987767102446e-05
6.722542189399621e-05
6.154911928967559e-05
5.616406386784372e-05
5.110257190083085e-05
4.639578322407427e-05
4.207350759646736e-05
3.816422726689465e-05
3.469473699639509e-05
3.169026232257727e-05
2.917409208598485e-05
2.716767319023827e-05
2.569030934621258e-05
2.475916874000947e-05
2.438920838894139e-05
2.459296695030202e-05
2.538064495299112e-05
2.675995057423551e-05
2.873606602809474e-05
3.131162398848512e-05
3.448664742481146e-05
3.825859357651195e-05
4.262224282894573e-05
4.75698236465845e-05
5.309094455607209e-05
5.917272049394783e-05
6.579964585724045e-05
7.295387059761978e-05
8.061497247704163e-05
8.876042421479418e-05
9.736530592316287e-05
0.0001064025339871423
0.0001158430978985054
0.0001256559536059141
0.0001358082973970704
0.0001462656043398232
0.0001569919269222116
0.0001679497914929625
0.0001791005325286587
0.000190404413477717
0.0002018207712147129
0.0002133081481391311
0.0002248245753742962
0.0002363276671492308
0.0002477747115764774
0.0002591229603892807
0.0002703299266787505
0.0002813533153229046
0.0002921512898419271
0.0003026826199268799
0.0003129070821696849
0.0003227852566252221
0.0003322789591872611
0.0003413512530957257
0.0003499667880531737
0.0003580918374933393
0.0003656943379635162
0.0003727440919328465
0.0003792131374769929
0.0003850754745879737
0.0003903074633343515
0.0003948877446119004
0.0003987974168380279
0.000402020184400046
0.0004045422745846205
0.0004063527011823942
0.0004074429909710344
0.0004078075865739014
0.0004074436211829772
0.0004063510505759196
0.0004045326057635227
0.0004019938153030252
0.0003987429441549765
0.00039479098054194
0.0003901516758874139
0.0003848413158364696
0.0003788789181619493
0.0003722857244425151
0.000365085621710317
0.000357304804830905
0.0003489714025660972
0.0003401159536617129
0.0003307709441109013
0.0003209704521118004
0.0003107504794705143
0.0003001485240055232
0.0002892034873746327
0.0002779554400119577
0.0002664457747041204
0.0002547165623906857
0.0002428107452480585
0.0002307717745242384
0.0002186437004599704
0.0002064705357760963
0.0001942965630492402
0.0001821659223093543
0.000170122246547272
0.0001582090417902319
0.0001464689340830251
0.0001349437873484129
0.0001236746557635276
0.0001127012082332526
0.000102062004074455
9.179414028238038e-05
8.193320391012421e-05
7.251287741853128e-05
6.356523779725162e-05
5.512021553843847e-05
4.720578053678047e-05
3.984768336287699e-05
3.30694603358213e-05
2.68922274553145e-05
2.13346957168138e-05
1.641311009151327e-05
1.214113834583909e-05
8.529862452221225e-06
5.58776206667475e-06
3.320645092647375e-06
1.731682696937139e-06
8.21389179902371e-07
5.876197415593494e-07
1.0256164645573e-06
2.128027687119136e-06
3.884944316084284e-06
6.283967209672772e-06
9.310246900418226e-06
1.294660023144204e-05
1.717351565111913e-05
2.196936685719033e-05
2.731031483804726e-05
3.317062993055199e-05
3.952268157456354e-05
4.633707850173501e-05
5.358280990653098e-05
6.122736303648164e-05
6.923688065710174e-05
7.757631652406472e-05
8.620954438872622e-05
9.509946040559783e-05
0.0001042083771584021
0.0001134977948142406
0.0001229289083050927
0.0001324625970133827
0.0001420596417127547
0.0001516807373143832
0.0001612869247420699
0.0001708394715991701
0.0001803001771096086
0.0001896314520451354
0.0001987965857428938
0.0002077597800141813
0.0002164861534123906
0.0002249422390543127
0.0002330957363104569
0.0002409158530552992
0.0002483733397062464
0.0002554406237334173
0.0002620918797084025
0.0002683030386611956
0.0002740522249276795
0.0002793192210017647
0.0002840860544327802
0.0002883369088030352
0.0002920580761620115
0.000295237978845653
0.0002978673519843874
0.0002999390870942426
0.0003014484518977628
0.0003023929476237822
0.0003027721724078784
0.0003025880539710657
0.000301844623392239
0.0003005482232851742
0.0002987071030197865
0.0002963316795768622
0.0002934344226548584
0.0002900294485694192
0.0002861330196703353
0.0002817627776322308
0.0002769384881008659
0.00027168109066572
0.0002660132327582392
0.000259958740251973
0.0002535426831716922
0.0002467913958803342
0.0002397320655103411
0.0002323928342037318
0.0002248025760238835
0.0002169906900631279
0.0002089872231351557
0.0002008224599470841
0.0001925270192399556
0.0001841315774111436
0.00017566669108843
0.0001671629409461164
0.000158650398798426
0.0001501589529417537
0.0001417179293817246
0.0001333558730096436
0.0001251007397941569
0.0001169795731439839
0.0001090184043075703
0.0001012423117304325
9.367516874223152e-05
8.633958540415298e-05
7.92569515451745e-05
7.244716004527352e-05
6.592879162797554e-05
5.971878991650029e-05
5.383261991254942e-05
4.828411485292063e-05
4.308551354884098e-05
3.824734882485807e-05
3.377844928700256e-05
2.968600364936792e-05
2.597545072580474e-05
2.265055905500374e-05
1.971338900884238e-05
1.716434354669297e-05
1.500215318022077e-05
1.322395000052669e-05
1.182529966106698e-05
1.080019067700938e-05
1.0141175216414e-05
9.839365957187807e-06
9.884503730975852e-06
1.026505772884822e-05
1.096825855320398e-05
1.198021217140711e-05
1.328597282146136e-05
1.486959999228921e-05
1.671426590034674e-05
1.880240602212445e-05
2.111566929347478e-05
2.363521270322201e-05
2.634162978211525e-05
2.921509586268423e-05
3.223555556621362e-05
3.538266679327594e-05
3.863603213328839e-05
4.197527369072138e-05
4.538005859017576e-05
4.883027386311542e-05
5.230606006457598e-05
5.578794487028785e-05
5.925698078835717e-05
6.269464244552567e-05
6.608313925036829e-05
6.940530893618524e-05
7.264480719430009e-05
7.578612027603031e-05
7.881465677587398e-05
8.171675107909254e-05
8.447978069587796e-05
8.709219105815337e-05
8.954346932320058e-05
9.182432707288057e-05
9.392658417214082e-05
9.584326949312277e-05
9.756858909573836e-05
9.909795475477749e-05
0.0001004280513905252
0.0001015567822367376
0.0001024831409613619
0.0001032074483146608
0.0001037311056488959
0.0001040567075850884
0.0001041879575998213
0.0001041296461962124
0.0001038875636458216
0.0001034684863766656
0.0001028801571365066
0.0001021312733455575
0.0001012312334824921
0.0001001902382604877
9.901918738318542e-05
9.77296172573397e-05
9.633361735215842e-05
9.484372688754697e-05
9.327295093582665e-05
9.163452697135335e-05
8.99420571758535e-05
8.820925283657027e-05
8.644983165940451e-05
8.467771269433026e-05
8.290659668414022e-05
8.115007603150117e-05
7.942155388088615e-05
7.773415905132797e-05
7.610052445438104e-05
7.453304501618544e-05
7.304344627180752e-05
7.16429568721445e-05
7.034218154550298e-05
6.915105222464723e-05
6.807866447275593e-05
6.713347174964434e-05
6.632300973996846e-05
6.565398285321124e-05
6.513211961201392e-05
6.476230472447015e-05
6.454839824578114e-05
6.449332254811138e-05
6.459895215649026e-05
6.486622493654114e-05
6.529497625730929e-05
6.588415687159885e-05
6.663160061748303e-05
6.753425528218993e-05
6.858795766519936e-05
6.978777626421792e-05
7.112769589742954e-05
7.260090741836389e-05
7.419966968486441e-05
7.591554334696214e-05
7.773919777875199e-05
7.96606135827149e-05
8.166923155506843e-05
8.375363898180598e-05
8.590208506555641e-05
8.810223548668216e-05
9.034132684192053e-05
9.260631313205383e-05
9.488378826914022e-05
9.71600887781765e-05
9.942154911547954e-05
0.0001016542235046742
0.000103844425144278
0.0001059783321410728
0.0001080422797793184
0.0001100229997109882
0.0001119072728996348
0.0001136823952299684
0.0001153360737686163
0.0001168564155611799
0.0001182321875376966
0.0001194527735230284
0.0001205081202864679
0.0001213890318458551
0.0001220869721394105
0.0001225944826534268
0.0001229046535452336
0.000123011647600507
0.0001229106805958493
0.0001225977970704154
0.000122070066442737
0.0001213257252282945
0.0001203638219260465
0.0001191846925101863
0.0001177896287600151
0.0001161809553519647
0.0001143621450680546
0.0001123377050024201
0.000110113119549181
0.000107694996555521
0.0001050907939057943
0.000102309080506335
9.935930555709329e-05
9.625179570287803e-05
9.299776259361149e-05
8.960926032719336e-05
8.609898363885907e-05
8.24804274963431e-05
7.876770580248208e-05
7.497553685240484e-05
7.111912942335876e-05
6.721418420593722e-05
6.327677249079745e-05
5.932325892281563e-05
5.537024523508985e-05
5.143456526178427e-05
4.75330690871634e-05
4.368272813992109e-05
3.990038181184943e-05
3.620267279012686e-05
3.260623210057566e-05
2.912721878147219e-05
2.578152019692704e-05
2.258459107417061e-05
1.955137013078896e-05
1.669624533722576e-05
1.403294774597558e-05
1.157452522378624e-05
9.333269713412517e-06
7.32065542669874e-06
5.547276085699718e-06
4.02281001690393e-06
2.75596580503381e-06
1.754455271467861e-06
1.024928253401151e-06
5.729541746409107e-07
4.030037112408872e-07
5.184050977534256e-07
9.213329624259333e-07
1.612803859331542e-06
2.592647181502835e-06
3.859530069334277e-06
5.410918797325967e-06
7.243134486682653e-06
9.351294936784353e-06
1.172943280370611e-05
1.437040384568793e-05
1.726600360632509e-05
2.040694845493683e-05
2.378291901105269e-05
2.738263154160487e-05
3.119380836604891e-05
3.520334034517265e-05
3.939721297927324e-05
4.376065893151465e-05
4.827817166892501e-05
5.293358353302021e-05
5.771010988887353e-05
6.259047098859588e-05
6.755687891070409e-05
7.259117796751309e-05
7.767488840533857e-05
8.27892628822507e-05
8.791550422663667e-05
9.303452634422572e-05
9.812737952521153e-05
0.000103175216405336
0.0001081591976647349
0.0001130607644475265
0.000117861664185386
0.0001225439981660068
0.0001270903493086239
0.0001314836611013258
0.0001357076898893202
0.0001397466505625561
0.0001435855218617075
0.0001472101173288768
0.000150606901524435
0.0001537633884065833
0.0001566680153645369
0.000159310036876958
0.0001616798528945827
0.0001637688459897127
0.0001655695567539678
0.0001670755242000751
0.0001682815090517062
0.0001691834247768606
0.0001697783169409238
0.0001700643375997663
0.0001700409776558373
0.0001697087053173976
0.00016906938805007
0.0001681258222664765
0.0001668820986680513
0.0001653433951596834
0.000163515976105738
0.0001614072410223148
0.0001590254242896662
0.0001563800192898127
0.0001534813189177964
0.000150340592066747
0.0001469699447891325
0.0001433822845581198
0.0001395912534756197
0.0001356112547456428
0.0001314573115589619
0.0001271450075185289
0.0001226903583601691
0.0001181099962891772
0.0001134207446057054
0.0001086398438959072
0.0001037846601881394
9.887293746885646e-05
9.392222148853141e-05
8.895029180890867e-05
8.397475989863178e-05
7.90131762554827e-05
7.408291552269403e-05
6.920100314744725e-05
6.438421016726011e-05
5.964888958386382e-05
5.501095651996351e-05
5.048580440456589e-05
4.608824818443825e-05
4.183247564273715e-05
3.773197297182721e-05
3.37995583416375e-05
3.004720619318151e-05
2.6486113862389e-05
2.312660536629343e-05
1.997814759960764e-05
1.704922371112331e-05
1.434740290312939e-05
1.187934341841684e-05
9.65059170623242e-06
7.665788980000299e-06
5.928541719588124e-06
4.441413536506594e-06
3.205977170027606e-06
2.222785343630093e-06
1.491364594808055e-06
1.010269456680804e-06
7.770601285338518e-07
7.883326261041286e-07
1.039756978208342e-06
1.526086017159517e-06
2.241190320759101e-06
3.178091101103961e-06
4.329009291710647e-06
5.685393417200593e-06
7.23796352497294e-06
8.976761321130243e-06
1.089121501235546e-05
1.297013879861487e-05
1.520182848762185e-05
1.757412159316844e-05
2.00744479746446e-05
2.26898148840216e-05
2.540698636680646e-05
2.821244861948116e-05
3.109252563382716e-05
3.403337042972828e-05
3.70211433992355e-05
4.004188667927729e-05
4.308175946643217e-05
4.612705086264653e-05
4.916412557895921e-05
5.217965637949726e-05
5.516049806585582e-05
5.809386437109513e-05
6.096734726661247e-05
6.376897221434319e-05
6.648715525344487e-05
6.911090055151217e-05
7.162968096971368e-05
7.403362855297829e-05
7.631343744481138e-05
7.846043066999448e-05
8.046665974226567e-05
8.232486696384438e-05
8.402845624705193e-05
8.557160155386294e-05
8.694929211327897e-05
8.815720628970323e-05
8.919181002741267e-05
9.00503145874772e-05
9.073079900104754e-05
9.123201896981499e-05
9.155348984639684e-05
9.169565039115095e-05
9.165945382356842e-05
9.144672610068344e-05
9.105997723060374e-05
9.050233310683104e-05
8.977777959387609e-05
8.889069727033316e-05
8.784621660029243e-05
8.665000533522313e-05
8.530828311189908e-05
8.382783244065396e-05
8.221574671337978e-05
8.047973168721795e-05
7.862776098514788e-05
7.666821615750126e-05
7.460974429636046e-05
7.246129943114809e-05
7.023206696456423e-05
6.793126314282515e-05
6.556842414917603e-05
6.315307160157035e-05
6.06947803831778e-05
5.82031097503588e-05
5.568761262204445e-05
5.315774924944334e-05
5.06227754300571e-05
4.809189302736932e-05
4.557403410400199e-05
4.307786072338804e-05
4.061181130504669e-05
3.818402244841858e-05
3.580220451249989e-05
3.347377293877842e-05
3.120568548501753e-05
2.900455443948954e-05
2.687645595421366e-05
2.48270577781432e-05
2.286151330439162e-05
2.098447349123919e-05
1.920011082577794e-05
1.751204524472722e-05
1.592336820580657e-05
1.443663894803002e-05
1.305389790702732e-05
1.177664055857099e-05
1.060584471092042e-05
9.541912944424945e-06
8.584797590918066e-06
7.733885510284046e-06
6.988135783512396e-06
6.345965543060574e-06
5.805364839675248e-06
5.36386439790132e-06
5.018594107840143e-06
4.766270650143141e-06
4.603241894465196e-06
4.525507840481467e-06
4.528754124756583e-06
4.608367884967092e-06
4.759474335799024e-06
4.976960543013441e-06
5.255534332358451e-06
5.589686817972639e-06
5.973830936382407e-06
6.402239479866146e-06
6.869109959510464e-06
7.36860967745952e-06
7.894893514233103e-06
8.442124577223449e-06
9.004532494193141e-06
9.576426296377694e-06
1.015222747588843e-05
1.072648121201843e-05
1.129391932502014e-05
1.184945669931836e-05
1.238822710327657e-05
1.290560008789115e-05
1.33971929275411e-05
1.385894476289339e-05
1.428704777165961e-05
1.467803807290949e-05
1.502875834520417e-05
1.533641207053205e-05
1.559853336445219e-05
1.581307356948488e-05
1.597826694637e-05
1.609277953807859e-05
1.61556247590863e-05
1.616619425924428e-05
1.612428146842941e-05
1.603000771516979e-05
1.588387282735725e-05
1.56867471941305e-05
1.543982991706557e-05
1.51446684393697e-05
1.480313308025469e-05
1.441741347428426e-05
1.398998124078896e-05
1.352358837314328e-05
1.302124740260541e-05
1.248622296305598e-05
1.192195741223036e-05
1.133217222690286e-05
1.072068022651512e-05
1.009148361910788e-05
9.448739774714321e-06
8.796656749925786e-06
8.13956400454912e-06
7.48183651296022e-06
6.827874365943587e-06
6.182087866424496e-06
5.548879262115347e-06
4.932585579709748e-06
4.337488071014762e-06
3.767794405466434e-06
3.227574287087922e-06
2.720785528513916e-06
2.25121112138206e-06
1.822470684887662e-06
1.437992243896458e-06
1.100974985647672e-06
8.144102926154639e-07
5.810260481177843e-07
4.033044646619469e-07
2.83452733357957e-07
2.233940101280276e-07
2.247667111449709e-07
2.888998462591644e-07
4.168265076792992e-07
6.092588513680432e-07
8.666082195140054e-07
1.188956549073593e-06
1.576084749620733e-06
2.027444386712354e-06
2.54219627420392e-06
3.119176170326012e-06
3.756934125733014e-06
4.453736703951544e-06
5.207544419365357e-06
6.016057866704777e-06
6.876738615338007e-06
7.786763576819952e-06
8.743124078959746e-06
9.742560081657553e-06
1.078162924563272e-05
1.185668627357112e-05
1.296394856469449e-05
1.409948178836662e-05
1.525920519200828e-05
1.64389771866462e-05
1.763451962400338e-05
1.884151543887177e-05
2.005562449296539e-05
2.127242775482593e-05
2.248754507629918e-05
2.369663443706906e-05
2.489534581359362e-05
2.607939787664926e-05
2.724461268191283e-05
2.838690624155855e-05
2.950229974038483e-05
3.058695510358305e-05
3.163718328531609e-05
3.264948964289999e-05
3.362048797227354e-05
3.454711440766538e-05
3.542637364329412e-05
3.625563638015043e-05
3.70324091966222e-05
3.77544874630206e-05
3.841986396701342e-05
3.902688528408093e-05
3.957410311042096e-05
4.006036442957156e-05
4.048472912180005e-05
4.084663673140544e-05
4.114570452094312e-05
4.138190524067927e-05
4.155542065488304e-05
4.166676847616134e-05
4.171665982013685e-05
4.170610127504448e-05
4.16363787191768e-05
4.150898371714971e-05
4.132565916639841e-05
4.108831374033513e-05
4.079919962589162e-05
4.046064574854767e-05
4.007523577306092e-05
3.964568762975186e-05
3.917489410091378e-05
3.866590513566354e-05
3.812189420968324e-05
3.754609425072397e-05
3.694196439632367e-05
3.631289221266503e-05
3.566242322626575e-05
3.499410067682151e-05
3.43115063960674e-05
3.361825200569814e-05
3.291793108440074e-05
3.221412103227844e-05
3.151033149980771e-05
3.081005154803994e-05
3.011668297756677e-05
2.943353426735314e-05
2.87638573544854e-05
2.811072798757475e-05
2.747716631054135e-05
2.686597394197078e-05
2.627987448715888e-05
2.572138344903628e-05
2.519289965370372e-05
2.469661142037507e-05
2.423449781605139e-05
2.380839658700496e-05
2.341993557412733e-05
2.307050929381765e-05
2.276138562830265e-05
2.249350298846782e-05
2.226770919217885e-05
2.20845937575228e-05
2.194455876683816e-05
2.184775727176746e-05
2.179421814116428e-05
2.178370920984699e-05
2.181580487594955e-05
2.188993550087226e-05
2.200533849824235e-05
2.216104818767025e-05
2.235596348061854e-05
2.25888223412377e-05
2.285818667183087e-05
2.316255544144828e-05
2.35001954930503e-05
2.386934198180303e-05
2.42680969785335e-05
2.469447639487766e-05
2.51463931916983e-05
2.562172038342009e-05
2.611824830860779e-05
2.66337418494671e-05
2.716593794895245e-05
2.771253528538934e-05
2.827120840589358e-05
2.883968581748798e-05
2.941568035822821e-05
2.999691493273986e-05
3.058115402883524e-05
3.11662459160625e-05
3.175009254342466e-05
3.233057292776951e-05
3.290572077823515e-05
3.347367919193508e-05
3.403258683654742e-05
3.458073569369013e-05
3.511652109127104e-05
3.563841207379249e-05
3.614504160294833e-05
3.663509488239352e-05
3.710743955898933e-05
3.756098576093605e-05
3.799484035493449e-05
3.840819368943063e-05
3.880036071539813e-05
3.917077697718416e-05
3.951900819480105e-05
3.984470230423526e-05
4.014767288710176e-05
4.042784081746994e-05
4.068518585396352e-05
4.091979108237005e-05
4.113188593502955e-05
4.132175399444651e-05
4.148976734898197e-05
4.163640109504867e-05
4.176217443791668e-05
4.18676508206438e-05
4.195348816369483e-05
4.202039183195651e-05
4.206905974030345e-05
4.210029372966447e-05
4.211485275797475e-05
4.211355629488598e-05
4.209724540559502e-05
4.206671643437131e-05
4.20227656814936e-05
4.196621125103394e-05
4.189782855292237e-05
4.181838323384333e-05
4.172857428382051e-05
4.162907415931408e-05
4.15205798806142e-05
4.140361706502686e-05
4.127875233624644e-05
4.114650357125895e-05
4.100721762962077e-05
4.086130126413534e-05
4.070905125539685e-05
4.055067618234161e-05
4.038635631651847e-05
4.021615725884884e-05
4.004013979753182e-05
3.985826064245408e-05
3.967038923328841e-05
3.947639231922137e-05
3.927600127288023e-05
3.906902178383545e-05
3.885503390454021e-05
3.863368333081971e-05
3.8404566831393e-05
3.81671759311832e-05
3.792105029730354e-05
3.766561600121426e-05
3.740039033635403e-05
3.712473898941603e-05
3.683816763090269e-05
3.654001470927567e-05
3.622979207916206e-05
3.590688922857447e-05
3.557077573732978e-05
3.522096860273611e-05
3.485697741269151e-05
3.447831628114027e-05
3.408464569305304e-05
3.367559157986085e-05
3.325091009873949e-05
3.281030924074148e-05
3.235369746714308e-05
3.188097230396857e-05
3.139213990531758e-05
3.088727038292006e-05
3.03665592633775e-05
2.983022226605805e-05
2.927863583297259e-05
2.871222560663432e-05
2.813151910511467e-05
2.753716577055155e-05
2.692986552254619e-05
2.63104395242652e-05
2.567978655352959e-05
2.503891648146816e-05
2.438889746135427e-05
2.373089677111559e-05
2.306615535381265e-05
2.239599802958298e-05
2.172181472760251e-05
2.104503800768825e-05
2.036719646247394e-05
1.968982458609985e-05
1.901453164665161e-05
1.834296767762873e-05
1.767677207434618e-05
1.701762448193414e-05
1.636721823595364e-05
1.572725545905197e-05
1.509939340345714e-05
1.448529946125767e-05
1.388661792014043e-05
1.33049271108344e-05
1.274179764151385e-05
1.2198710995137e-05
1.167710467268969e-05
1.117832801234497e-05
1.070363367752845e-05
1.0254249677344e-05
9.831227294163057e-06
9.435550528576403e-06
9.068075004987163e-06
8.729562143657594e-06
8.420615113908113e-06
8.141737843754482e-06
7.893265373105208e-06
7.675419823289196e-06
7.488266306192592e-06
7.331738730436026e-06
7.205622995625951e-06
7.10954113864989e-06
7.042983156454862e-06
7.005295068155323e-06
6.995668833080859e-06
7.013170551326442e-06
7.056711586367487e-06
7.125091509101627e-06
7.216953165800068e-06
7.33084932481062e-06
7.465194302727416e-06
7.618312009246105e-06
7.788423447683124e-06
7.973652861625155e-06
8.172050663214244e-06
8.381586271367353e-06
8.600211757154389e-06
8.825790593169528e-06
9.056153831850867e-06
9.289124936904581e-06
9.52251629155481e-06
9.75414483126947e-06
9.981829839527476e-06
1.020343872243803e-05
1.041686660071376e-05
1.062007521022501e-05
1.081108816881333e-05
1.098799640855364e-05
1.114902787565039e-05
1.129247937456425e-05
1.141675981055522e-05
1.152045048862274e-05
1.16022523181222e-05
1.166099267365615e-05
1.169568037594469e-05
1.170550029028072e-05
1.16897977158252e-05
1.164813605529211e-05
1.158022061969306e-05
1.148597738821719e-05
1.136552846705883e-05
1.121922605944944e-05
1.104756683109964e-05
1.08513032751419e-05
1.063138118047566e-05
1.03889199016936e-05
1.012529184098402e-05
9.84201445292234e-06
9.540836655234795e-06
9.223673010779315e-06
8.892609882967718e-06
8.549928696354554e-06
8.198035287007349e-06
7.839522299537188e-06
7.477092177685227e-06
7.11357549851059e-06
6.751943695676387e-06
6.395211936119038e-06
6.046516671792471e-06
5.709050210702663e-06
5.386052812315711e-06
5.080782346785695e-06
4.796526429744111e-06
4.536572408385337e-06
4.304159769091688e-06
4.102495215261418e-06
3.934739319763897e-06
3.803954062540183e-06
3.713109106001436e-06
3.665055264455781e-06
3.662508874175747e-06
3.708021086912415e-06
3.803985263849958e-06
3.952596629569979e-06
4.155848517736606e-06
4.415504947690788e-06
4.733105484939811e-06
5.10993549028863e-06
5.547013770684231e-06
6.045083182706668e-06
6.604607668307391e-06
7.225772254026827e-06
7.908422076799184e-06
8.652137249189909e-06
9.456164957393618e-06
1.031942394237772e-05
1.124053876626927e-05
1.221781095354626e-05
1.324922956463693e-05
1.433244671438423e-05
1.546484292929849e-05
1.664346656549038e-05
1.786509677435658e-05
1.912622411739493e-05
2.042305138227353e-05
2.175152528570248e-05
2.310738157407096e-05
2.448608828253572e-05
2.588293082290436e-05
2.729293648518523e-05
2.871110700163168e-05
3.013213882820409e-05
3.155066507362094e-05
3.296123486186579e-05
3.435830331277466e-05
3.573627385850355e-05
3.708948779768265e-05
3.841232216796578e-05
3.969916381157646e-05
4.094451620770184e-05
4.21428545376533e-05
4.328883155786741e-05
4.437723223578969e-05
4.540302674696371e-05
4.636132510811117e-05
4.724748234122294e-05
4.805713589264667e-05
4.878613100952561e-05
4.943068023346597e-05
4.998720715219129e-05
5.045261745402245e-05
5.082407347900121e-05
5.10991785276349e-05
5.127589876854398e-05
5.135266047101599e-05
5.132827717154587e-05
5.120203760788037e-05
5.097372565660413e-05
5.064351842586252e-05
5.021210222667943e-05
4.96806402730121e-05
4.905077525454097e-05
4.832465840865523e-05
4.750492573324784e-05
4.659461270692651e-05
4.559732288148027e-05
4.451706747093657e-05
4.335832392416248e-05
4.212598294847876e-05
4.082543407201976e-05
3.946240049004688e-05
3.804300633942319e-05
3.657373286822375e-05
3.506145665731629e-05
3.351327183408627e-05
3.193665236995149e-05
3.033928679848543e-05
2.872905666623579e-05
2.711411138289049e-05
2.550270673060222e-05
2.390320675467777e-05
2.23241306228949e-05
2.077397814935471e-05
1.926129706541797e-05
1.779460211240196e-05
1.638233889018818e-05
1.503284635634017e-05
1.375432632843438e-05
1.255480214074967e-05
1.144205632750079e-05
1.042361577404432e-05
9.506705052169512e-06
8.698248513170011e-06
8.004747071326959e-06
7.432325519139831e-06
6.986653452235903e-06
6.672951737489019e-06
6.495925889594627e-06
6.45973948802992e-06
6.56801990307106e-06
6.823811892404849e-06
7.22955918318718e-06
7.787068707131395e-06
8.497539092196337e-06
9.361494770325093e-06
1.037880371887149e-05
1.15486696296135e-05
1.286962829874497e-05
1.433950633662432e-05
1.595549462295929e-05
1.77140794468343e-05
1.961109162821824e-05
2.164170878832344e-05
2.380045785174926e-05
2.608122390501983e-05
2.847732866007081e-05
3.098144938607019e-05
3.358574381229514e-05
3.628179645437314e-05
3.906074587401858e-05
4.191315482315776e-05
4.482931183205194e-05
4.779889434714281e-05
5.081141901472075e-05
5.385595740820495e-05
5.692141318626707e-05
5.999628457483722e-05
6.306908411183919e-05
6.612813962771002e-05
6.916157784309905e-05
7.215760320492865e-05
7.510443501909876e-05
7.799032160582387e-05
8.080364566988188e-05
8.353295778565202e-05
8.616704658067266e-05
8.869491983591813e-05
9.110598680317889e-05
9.339000521250997e-05
9.553714724434313e-05
9.753795194635863e-05
9.938365949358657e-05
0.0001010658813085312
0.000102576979575005
0.0001039098380048144
0.0001050580680500383
0.0001060159420874852
0.0001067785463282703
0.0001073416525688854
0.0001077018790986417
0.0001078565405615348
0.0001078039369695399
0.0001075430942779635
0.0001070739027004578
0.0001063972198714626
0.0001055146359908937
0.0001044286851853198
0.0001031427055192663
0.0001016609817190029
9.998847139884913e-05
9.813118068847036e-05
9.60957186334529e-05
9.388962855756611e-05
9.152116335572693e-05
8.899922949788069e-05
8.633352268288072e-05
8.353436820466354e-05
8.061272844053492e-05
7.758011884768052e-05
7.444859045942912e-05
7.123067471887404e-05
6.793932830160551e-05
6.458794964523801e-05
6.119015520084384e-05
5.775996585560104e-05
5.431144080476554e-05
5.085895573282762e-05
4.74169052999991e-05
4.399965752024071e-05
4.062167382293967e-05
3.729718801873601e-05
3.404039136871003e-05
3.086518316950749e-05
2.778521430758896e-05
2.481381459712779e-05
2.196384593399476e-05
1.924777643462334e-05
1.667755659438395e-05
1.4264555584351e-05
1.201951854254297e-05
9.95255132057794e-06
8.073025993666438e-06
6.389547003341113e-06
4.909962934119916e-06
3.641230951849125e-06
2.589488785765957e-06
1.759949208260688e-06
1.156903315475622e-06
7.837026212892725e-07
6.42722182659009e-07
7.353653126917466e-07
1.06204488490991e-06
1.622171717214242e-06
2.414170854767325e-06
3.435465872999262e-06
4.68250788840009e-06
6.150757026455215e-06
7.834714337097019e-06
9.727963585851406e-06
1.18231857111681e-05
1.411216034350705e-05
1.658581899208544e-05
1.923427700859943e-05
2.204688486450443e-05
2.501229654174978e-05
2.811845784542804e-05
3.135266143380395e-05
3.470169161101526e-05
3.815174913823512e-05
4.168863292982349e-05
4.529771407307474e-05
4.89640366620715e-05
5.267236649925883e-05
5.640731986750598e-05
6.015331700235434e-05
6.389471434039999e-05
6.761588850472813e-05
7.130133878078758e-05
7.49356083777465e-05
7.850353442506988e-05
8.199016759394094e-05
8.538092439034475e-05
8.866168117424476e-05
9.181866095398595e-05
9.48387676406258e-05
9.770940504327753e-05
0.0001004186531335081
0.0001029552604146182
0.0001053087815823733
0.0001074695047442507
0.0001094286447780405
0.0001111782564564731
0.0001127112904920943
0.0001140216816458217
0.0001151043799885831
0.0001159552147290037
0.0001165711960993582
0.0001169502156905283
0.0001170913976932123
0.0001169946298685954
0.0001166612352010741
0.0001160931787663307
0.0001152936971190787
0.0001142670513651366
0.0001130184200468828
0.0001115539566008413
0.0001098808553784571
0.0001080070338132505
0.0001059414833517713
0.0001036939248120186
0.0001012749717179824
9.869580446353828e-05
9.596842828260068e-05
9.310546809769907e-05
9.012006444509031e-05
8.702587989829991e-05
8.383706690352336e-05
8.056816631362741e-05
7.723392911558677e-05
7.384948701264612e-05
7.043004120022596e-05
6.699098275760196e-05
6.354758939529922e-05
6.011528823643554e-05
5.670923579204139e-05
5.334447428296145e-05
5.003577323523946e-05
4.679755895622779e-05
4.364389071326047e-05
4.058835651778167e-05
3.764400210613471e-05
3.482331537941437e-05
3.213815071008935e-05
2.959957289402114e-05
2.721800489104119e-05
2.500302170069515e-05
2.296332965308997e-05
2.110680032593787e-05
1.944031454874867e-05
1.796986582118058e-05
1.67004370711357e-05
1.563598508345018e-05
1.477949050387093e-05
1.413286275671762e-05
1.369697759355341e-05
1.347168719832411e-05
1.345578026973014e-05
1.364699634868335e-05
1.404210890614017e-05
1.463682622347139e-05
1.542592718178563e-05
1.640321704655732e-05
1.756157704009782e-05
1.889304287516537e-05
2.038876279330851e-05
2.203911033741722e-05
2.383374918765984e-05
2.576161049838541e-05
2.781100379960191e-05
2.996967812578454e-05
3.222488617280883e-05
3.45634202928174e-05
3.697169189113031e-05
3.943584231263609e-05
4.194173446949101e-05
4.447513025025658e-05
4.702171474466695e-05
4.956705379842028e-05
5.209692946089646e-05
5.459718026729024e-05
5.705389882585356e-05
5.945340742668321e-05
6.178248317753662e-05
6.402825981838246e-05
6.617834878127111e-05
6.822104119317324e-05
7.014513590909711e-05
7.194019208056266e-05
7.359644275355793e-05
7.510502550701949e-05
7.645782100228535e-05
7.764757916230129e-05
7.866809283208547e-05
7.951398588534344e-05
8.018096208011957e-05
8.066565707592063e-05
8.096579373066523e-05
8.108018532091435e-05
8.100856911700234e-05
8.075175676066276e-05
8.031178384198334e-05
7.969146572914891e-05
7.889480998649069e-05
7.7926780872092e-05
7.679335821796592e-05
7.550135924046026e-05
7.405857066362354e-05
7.247371747855141e-05
7.075615092816881e-05
6.891613326664472e-05
6.696459214642729e-05
6.491306482459825e-05
6.277372677369115e-05
6.055918161406331e-05
5.828248426711338e-05
5.595707422085315e-05
5.359664243566801e-05
5.121510282197487e-05
4.882640654614104e-05
4.64445922906329e-05
4.408364013730451e-05
4.175736184072562e-05
3.947934952956508e-05
3.726284205419158e-05
3.512072486284979e-05
3.306537080162019e-05
3.110859180221393e-05
2.9261548078531e-05
2.753464780159106e-05
2.59375460234821e-05
2.447901210636996e-05
2.316685669144316e-05
2.200791307443702e-05
2.100800067976912e-05
2.017173604831312e-05
1.950269172652844e-05
1.900319709900614e-05
1.867438941311742e-05
1.851612598583382e-05
1.852704583618753e-05
1.870449235170883e-05
1.904455292177891e-05
1.954200559412963e-05
2.019038151909504e-05
2.098206040778368e-05
2.190809358378531e-05
2.295844187568147e-05
2.412192867658324e-05
2.5386329541828e-05
2.673840335325727e-05
2.816399630839497e-05
2.964812233847302e-05
3.117505371243849e-05
3.272838332372645e-05
3.429120938800836e-05
3.584617336869065e-05
3.737561295983161e-05
3.88617549492523e-05
4.028671396890121e-05
4.163281896230406e-05
4.288264051877584e-05
4.401912188859346e-05
4.50259289889191e-05
4.588743583932145e-05
4.658895936138352e-05
4.711705000598091e-05
4.745946569585783e-05
4.760564121497158e-05
4.754657452496978e-05
4.727536509130485e-05
4.678712045163401e-05
4.607935754728194e-05
4.515211857437383e-05
4.400824441623608e-05
4.265353773361751e-05
4.109703812668421e-05
3.935117345382527e-05
3.743201184372192e-05
3.535953181042652e-05
3.315773357986418e-05
3.085492862046123e-05
2.848401738635736e-05
2.608254894056955e-05
2.369306752323365e-05
2.136330972239421e-05
1.914637894060457e-05
1.710097555675026e-05
1.52916578696643e-05
1.378897501996858e-05
1.266977097956634e-05
1.201730268648643e-05
1.192153078247761e-05
1.247926552127787e-05
1.379444414451887e-05
1.597826316576451e-05
1.914946288269211e-05
2.343446795138061e-05
2.896767458615236e-05
3.589160197029943e-05
4.435715956259538e-05
5.452380396597093e-05
6.655984249491914e-05
8.064257922977338e-05
9.695861090649231e-05
0.0001157040202818806
0.0001370846556505781
0.0001613163444479088
0.0001886252885323489
0.0002192481346191625
0.0002534323262549938
0.0002914365070597169
0.0003335306179451444
0.0003799966151527627
0.0004311283330712982
0.0004872320923056271
0.0005486270150313032
0.0006156457495056916
0.0006886341175996202
0.0007679522860937994
0.000853975206333297
0.0009470923830086753
0.001047709460412255
0.001156247631762058
0.001273145472699162
0.001398858403047849
0.001533860116511282
0.001678642988440075
0.001833718858036903
0.001999619705857553
0.002176898711648639
0.002366131145911534
0.002567914781648278
0.002782871610053886
0.003011648158061109
0.003254917483383532
0.003513379170950519
0.003787761679188926
0.004078822739743419
0.004387351484000538
0.004714169147852317
0.005060130315012581
0.005426126370503587
0.005813084388653782
0.006221971559195615
0.006653794910493407
0.007109604423982388
0.007590494317009712
0.008097605988946073
0.008632129294011583
0.009195305403777948
0.00978842875094991
0.01041285084255396
0.01106998032854464
0.01176128918734874
0.01248831222547455
0.01325265231606233
0.0140559829598114
0.01490005013169566
0.01578667899299944
0.01671777312483569
0.01769532209632848
0.01872140361489692
0.01979818578194115
0.0209279352034652
0.02211301738397472
0.02335590465331496
0.02465917708997163
0.02602553090728285
0.02745778078088703
0.02895886737211378
0.03053186114945867
0.0321799663644162
0.03390653179316633
0.03571505127353831
0.03760917379102901
0.03959270686311397
0.04166962605110937
0.04384408077209915
0.04612039778443128
0.04850309474383688
0.05099688294110052
0.05360667764765675
0.05633760350172159
0.05919500443335367
0.06218445420877152
0.0653117605998921
0.06858297422587582
0.07200440364818454
0.07558261907696782
0.07932446471974891
0.08323706502100792
0.0873278409092422
0.09160451451958772
0.09607512376968119
0.1007480287599298
0.1056319282348639
0.1107358637358313
0.1160692404942676
0.1216418299098693
0.1274637884404841
0.1335456627226227
0.1398984127469754
0.1465334109494069
0.1534624656968609
0.1606978287930127
0.1682522103420548
0.1761387929715524
0.184371236520367
0.1929637139021764
0.2019308910752862
0.2112879733561591
0.2210506994215668
0.2312353652112009
0.2418588296467587
0.2529385302871214
0.2644925073326152
0.2765394070203323
0.2890984947017872
0.3021896796531537
0.3158335185854276
0.3300512308284546
0.3448647199561071
0.360296575158237
0.3763700971397915
0.3931092992406215
0.4105389322570898
0.4286844876782111
0.4475722137951785
0.4672291288434247
0.4876830330654583
0.5089625127393135
0.5310969638592224
0.5541165887265399
0.578052417153876
0.6029363157833989
0.6288009787091186
0.6556799677714668
0.6836076872945771
0.7126194102994653
0.7427512884256796
0.7740403350529165
0.8065244554536335
0.8402424315011083
0.8752339386617127
0.9115395369866796
0.9492006759471483
0.9882596996887507
1.028759838114226
1.070745210810781
1.114260807925995
1.159352524280664
1.206067102945644
1.254452161435695
1.304556187808999
1.356428486141797
1.410119244730145
1.465679435667049
1.523160859282852
1.582616110437784
1.644098568526226
1.707662357912302
1.773362367557416
1.84125417899356
1.911394091524179
1.98383905598883
2.0586466885912
2.135875202429383
2.215583408081048
2.297830680573427
2.382676892873
2.470182414196383
2.5604080732565
2.653415088829782
2.749265061520079
2.848019930176181
2.949741886274379
3.054493381808613
3.162337058734149
3.273335683142738
3.387552114056394
3.505049257450863
3.625889978733199
3.750137085115631
3.877853227831238
4.009100886806145
4.143942266648428
4.282439257693608
4.424653368345706
4.57064564570337
4.720476618012889
4.874206245712943
5.031893783613677
5.193597795347628
5.359376024928508
5.529285327059743
5.703381597257637
5.881719723137545
6.064353453685991
6.25133535074128
6.442716700452752
6.638547455826939
6.838876118037107
7.043749679315367
7.253213513689787
7.467311346932148
7.686085106025163
7.909574898246092
8.137818865237982
8.370853146547182
8.608711779722489
8.85142659776632
9.099027198724713
9.351540795114891
9.608992154476415
9.871403566720151
10.13879466408338
10.41118244272462
10.68858112879051
10.97100206157692
11.25845371413734
11.55094154798428
11.8484679193038
12.15103208499384
12.4586300605934
12.77125456871943
13.0888949894992
13.41153727207567
13.73916387414499
14.07175369043859
14.4092820280883
14.75172053055969
15.09903710774973
15.45119588613622
15.80815718487121
16.16987742341217
16.53630915912041
16.9074009636675
17.28309738957232
17.66333904762901
18.04806242211324
18.43719993098685
18.83067990060755
19.22842655997538
19.63035991997101
20.03639594885591
20.44644636889041
20.86041877829233
21.27821662880196
21.69973918318841
22.12488157283405
22.55353480892914
22.98558576090498
23.42091723782754
23.85940793491258
24.30093255224072
24.74536177022838
25.19256231206961
25.64239697704919
26.09472466134431
26.54940052727521
27.00627593250041
27.46519851128724
27.92601231544745
28.3885578009514
28.85267197315712
29.31818842759511
29.78493742173618
30.25274600077831
30.7214380718538
31.19083450550609
31.66075324560043
32.13100938946581
32.60141530307605
33.07178077042068
33.54191309150215
34.01161715871972
34.48069565621349
34.94894915065001
35.41617621954649
35.88217356916763
36.34673628558695
36.80965775068414
37.27073007878762
37.72974398637733
38.18648911549742
38.64075418766338
39.09232702872999
39.54099485907136
39.98654439196668
40.42876200704193
40.86743387962227
41.30234629027984
41.73328557590529
42.16003842276177
42.58239203834795
43.00013431265862
43.41305393473292
43.82094065137984
44.22358537056164
44.62078034166814
45.01231941553872
45.39799806440323
45.77761366798121
46.1509656218776
46.51785559633317
46.87808758438459
47.23146817554051
47.57780663579781
47.91691517313851
48.2486089841143
48.57270648380904
48.88902949614912
49.19740333181542
49.49765699364662
49.78962334714123
50.07313918331989
50.34804546130073
50.61418742304393
50.87141462409708
51.11958133780085
51.35854637542189
51.58817342413038
51.80833106170238
52.01889297323449
52.2197379673419
52.41075017774549
52.59181903167313
52.76283959262729
52.92371239528295
53.07434372438418
53.21464559707395
53.34453588928147
53.46393842592317
53.57278297213509
53.67100547862906
53.75854789227809
53.83535841243992
53.90139145585576
53.95660771477571
54.00097423000177
54.03446429611216
54.05705768963482
54.06874050656461
54.0695052403823
54.05935088041552
54.0382827209073
54.00631255688829
53.96345856095659
53.9097452652128
53.84520354224757
53.76987069464919
53.68379026401781
53.58701206104458
53.47959209700037
53.36159260585895
53.23308186557616
53.09413422928142
52.94483001005797
52.78525546707637
52.61550269919599
52.43566942383072
52.24585914502833
52.04618085903032
51.83674900923693
51.61768345755395
51.38910924919644
51.15115653770783
50.90396055855774
50.64766143604918
50.38240392374085
50.1083375499713
49.82561632209259
49.53439855981912
49.23484679950356
48.92712764347746
48.61141165572548
48.28787312591784
47.95668999588896
47.61804365218463
47.27211876681822
46.91910314611127
46.55918760454296
46.19256573090863
45.81943376651438
45.43999040814516
45.05443668084609
44.66297572469235
44.26581262116495
43.86315424997822
43.45520911881745
43.0421871129011
42.6242994483413
42.2017583889744
41.77477710140491
41.34356956480335
40.90835020117758
40.46933395363679
40.02673590618242
39.58077125660769
39.13165502564166
38.67960200542841
38.22482653878495
37.76754231846023
37.30796232301252
36.8462985821266
36.38276201108155
35.91756230487666
35.45090784270134
34.98300532471907
34.51405986864367
34.04427471374066
33.57385123194905
33.10298855316182
32.63188369156108
32.16073122989896
31.68972330217249
31.21904941172506
30.74889636915303
30.27944811197381
29.81088566741692
29.34338700279338
28.87712692846335
28.41227699456928
27.94900543550957
27.48747706321578
27.02785316894327
26.57029145811852
26.11494598824979
25.66196707614374
25.21150125427864
24.76369118051043
24.3186756266491
23.87658940099991
23.43756328100705
23.00172406535802
22.56919440448739
22.14009284843549
21.71453381382213
21.29262752675318
20.87448006722421
20.46019329592186
20.04986486181057
19.64358822640961
19.24145256340887
18.84354292577224
18.44994009821998
18.06072072579441
17.67595719932659
17.29571781765093
16.92006669421773
16.54906388501837
16.1827653202518
15.82122291330478
15.46448455258958
15.11259418056759
14.76559175726855
14.42351345773189
14.08639155173241
13.75425457240283
13.42712731615065
13.1050309454162
12.78798300038903
12.47599747663383
12.16908493948919
11.86725250301046
11.57050396157416
11.2788398803469
10.99225760391525
10.71075138291667
10.43431239269684
10.16292888557752
9.896586226290179
9.635267007469961
9.378951022516221
9.127615531481332
8.881235176676421
8.639782150150097
8.403226255090411
8.171535012939595
7.944673719308748
7.722605536773072
7.505291598762252
7.292691089250443
7.084761282384251
6.881457723398312
6.682734202457859
6.48854291818261
6.298834550717078
6.113558317678178
5.932662067238183
5.756092362733334
5.583794576086343
5.415712958716022
5.251790697676494
5.091970047897522
4.936192360371049
4.784398158660494
4.636527271192258
4.492518813167504
4.352311354534443
4.215842910875167
4.083051065619173
3.953873021200598
3.828245621886648
3.706105524447747
3.587389130257788
3.472032755358463
3.359972626200306
3.251144959076405
3.145485997943255
3.04293212078972
2.943419818804075
2.846885796856485
2.753267001605896
2.66250069578734
2.574524458657658
2.489276267306769
2.406694514454542
2.326718067709526
2.249286294695943
2.174339099442494
2.101816961625576
2.031660972418554
1.963812858159866
1.898215000148094
1.834810489049306
1.773543140491453
1.714357496939408
1.657198875300707
1.602013384937222
1.548747946337613
1.497350292225741
1.447769007337963
1.399953538888008
1.353854190176982
1.309422160238363
1.266609540974361
1.225369317605968
1.185655401185904
1.147422620935283
1.110626720380443
1.075224376474078
1.041173209743406
1.008431763935082
0.9769595297542479
0.9467169297471729
0.9176653287978079
0.8897670244716974
0.8629852499115245
0.8372841670133219
0.8126288709610712
0.7889853827811616
0.7663206224385223
0.744602441647307
0.7237995822550815
0.7038816999873371
0.6848193246901965
0.6665838774284935
0.6491476480794079
0.6324838014455253
0.6165663416651845
0.6013701222603787
0.5868708394193092
0.5730450028934274
0.5598699425752126
0.5473237861628137
0.5353854510718913
0.5240346399779685
0.5132518174913268
0.5030182053281174
0.4933157739576282
0.4841272135069526
0.4754359468055195
0.4672260989633161
0.4594824908275964
0.4521906286833215
0.4453366897782172
0.4389075115864968
0.4328905793259114
0.4272740169692649
0.4220465634053284
0.4171975895088424
0.4127170471584033
0.4085954943572023
0.4048240579496513
0.4013944419162795
0.3982989003779391
0.3955302426285784
0.3930818102555501
0.3909474689676605
0.3891216094660379
0.3875991256768719
0.3863754113780575
0.3854463453283647
0.3848082938534129
0.384458089221931
0.3843930304235033
0.3846108708449759
0.3851098103553825
0.3858884912811627
0.3869459904877129
0.3882818008414801
0.3898958460411504
0.3917884563411891
0.3939603711457175
0.396412729896141
0.3991470674810967
0.4021653026894818
0.4054697433358546
0.4090630798836126
0.412948372151442
0.4171290508204532
0.4216089150598683
0.4263921213054146
0.4314831901591248
0.4368869948253417
0.442608757537655
0.4486540485929282
0.4550287843767175
0.4617392222751661
0.4687919642345778
0.476193941620508
0.4839524306807452
0.4920750178994996
0.5005696515974715
0.509444579125192
0.5187083927036387
0.5283700019925361
0.5384386379735039
0.548923854941151
0.5598355223651764
0.5711838354240282
0.5829792940905416
0.5952327214765907
0.6079552536000199
0.6211583287249846
0.634853701969188
0.6490534395411331
0.6637699012701564
0.6790157651541762
0.6948040061980377
0.7111478962322469
0.7280610110684963
0.7455572235465238
0.7636506918774751
0.7823558811958325
0.8016875321846386
0.8216606825986742
0.8422906429110589
0.8635930157877444
0.8855836741709414
0.9082787673274668
0.9316947118515257
0.9558482010726727
0.9807561762699131
1.006435846935583
1.032904675172627
1.060180367551816
1.088280870023602
1.117224390381456
1.147029332475165
1.177714353867613
1.20929832598518
1.241800326711014
1.275239649157977
1.30963578379142
1.345008404632819
1.381377388614437
1.418762771788045
1.45718475727546
1.496663730115324
1.537220188764455
1.578874811206119
1.621648373186098
1.665561794483149
1.710636089683789
1.756892384467561
1.804351885147168
1.853035875209482
1.902965712680508
1.954162804906931
2.006648593228218
2.060444554398625
2.115572183745481
2.172052979085293
2.229908424243969
2.289159981531684
2.34982907905829
2.41193708053777
2.475505297955869
2.54055495804336
2.607107191692982
2.675183010829776
2.744803321143832
2.81598886151277
2.888760239014749
2.963137870875517
3.03914199269081
3.116792637836603
3.196109606374558
3.277112485936506
3.359820584667814
3.444252963484858
3.530428371058415
3.618365280755063
3.708081826788913
3.799595826576131
3.892924720155237
3.988085591477712
4.085095144121947
4.18396967880377
4.284725051321728
4.387376716437498
4.491939660695363
4.598428388835635
4.706856948474721
4.817238859241396
4.929587141637495
5.043914263685601
5.160232166167432
5.278552210746512
5.398885182393297
5.521241250757574
5.645630014549863
5.772060401429422
5.900540732492146
6.031078649097819
6.163681126122919
6.298354451077685
6.435104229861242
6.573935347252332
6.714851948143912
6.857857437065749
7.002954488507535
7.150145005489177
7.299430085002429
7.450810073112295
7.604284481239844
7.759852029317155
7.917510589136901
8.077257229898585
8.239088151064873
8.402998691680759
8.568983327285546
8.737035669601743
8.907148417315392
9.079313412539088
9.253521550162871
9.429762837685034
9.608026350533871
9.788300244189884
9.970571719870895
10.15482707556547
10.34105160965939
10.52922969480739
10.71934471109412
10.91137912647374
11.10531436464301
11.30113093053385
11.49880830376475
11.69832500303263
11.89965852869481
12.10278542462123
12.30768118884671
12.51432033277192
12.72267642982111
12.93272194960708
13.14442839342094
13.35776629217146
13.57270509833337
13.78921332575662
14.00725842050707
14.22680685779291
14.44782411200777
14.67027458678225
14.89412178548621
15.11932810872379
15.34585502357483
15.57366298037716
15.80271144822701
16.03295887570749
16.26436276314593
16.49687964331073
16.73046505213312
16.96507354069525
17.20065875800187
17.43717338413733
17.67456910804552
17.91279676106406
18.15180619212617
18.39154638570326
18.63196535008461
18.87301027259248
19.11462743316944
19.35676224265947
19.59935925808585
19.84236216063473
20.08571386791745
20.32935643692386
20.57323113544406
20.81727849289977
21.06143818236809
21.30564923292068
21.54984985479896
21.79397763630935
22.03796941273464
22.28176137837149
22.52528909194681
22.76848743068411
23.01129074497613
23.25363277445257
23.49544667590207
23.7366651663684
23.97722030827333
24.21704385252359
24.45606697770797
24.69422052964604
24.93143489275699
25.16764011844395
25.40276594342998
25.63674175846973
25.86949673793718
26.10095971407026
26.33105947267693
26.55972448929927
26.78688317017926
27.01246379245186
27.23639456672855
27.45860369850429
27.67901932505111
27.89756970582962
28.11418314606617
28.32878809084242
28.54131304308845
28.75168683634446
28.95983843978116
29.16569715021944
29.36919253160652
29.5702545585094
29.76881349246857
29.96480015618704
30.15814576440272
30.3487820765442
30.53664139324575
30.72165663567392
30.90376132491419
31.08288973271955
31.25897676856044
31.43195814718929
31.60177039321775
31.76835089038519
31.93163786497234
32.09157050146569
32.2480889322887
32.40113431043055
32.55064886657342
32.69657581542862
32.83885960761353
32.97744584840042
33.11228124780433
33.2433138215286
33.37049288673361
33.49376900920192
33.61309413602229
33.7284215865682
33.83970610345555
33.94690382589356
34.04997244059471
34.14887107433532
34.24356046183421
34.33400285077514
34.42016209441644
34.50200368655145
34.57949476043954
34.65260410789256
34.72130221129645
34.7855613064854
34.84535531136739
34.90066000218313
34.95145279187166
34.99771299793765
35.03942170969138
35.07656180242984
35.1091180762952
35.13707712105575
35.1604273682431
35.17915917351026
35.19326470234335
35.20273809635804
35.20757526648039
35.20777413864726
35.20333438763726
35.19425772170443
35.18054765195527
35.16220960347612
35.13925090635747
35.11168070134564
35.07951010568762
35.04275199781755
35.00142118693535
34.95553429039938
34.90510972310808
34.85016779532317
34.79073058259355
34.72682192509156
34.6584674628103
34.58569456275625
34.50853232100356
34.42701155769756
34.34116475903548
34.25102609074281
34.15663133222566
34.05801789842145
33.95522475803864
33.84829244732838
33.73726302850407
33.62218005784739
33.50308857069503
33.38003497699641
33.25306716672304
33.12223431036328
32.98758697243814
32.84917697996205
32.70705744585236
32.56128266479305
32.41190815504403
32.25899054220474
32.10258759881611
31.94275815294931
31.77956206353873
31.61306014248276
31.44331422373992
31.27038700330442
31.09434207136377
30.91524379189687
30.7331574123537
30.54814883955097
30.36028468643096
30.1696323553821
29.97625968062167
29.78023522732852
29.58162799294887
29.38050757024049
29.17694391192036
28.97100750246012
28.76276903138906
28.5522997107404
28.33967091994802
28.12495432974412
27.90822179928535
27.68954543404629
27.46899735299898
27.2466498880436
27.02257537465101
26.79684615658357
26.56953454643343
26.3407128805985
26.11045332062037
25.87882793913024
25.6459086161743
25.41176709387197
25.17647479154818
24.94010296838461
24.70272247041428
24.46440393349101
24.2252175434718
23.98523310976636
23.74452006278534
23.50314732053507
23.26118337220637
23.01869615033766
22.77575307446146
22.53242100502914
22.28876621192679
22.04485435912986
21.80075044019449
21.55651880235889
21.31222310923559
21.0679263465442
20.82369069780244
20.57957768547967
20.33564797310198
20.09196152966316
19.84857742080652
19.60555396229205
19.36294862490263
19.12081794216255
18.87921765597386
18.63820258663593
18.39782667458626
18.15814288797182
17.91920335267119
17.68105918474884
17.44376056669352
17.20735673507007
16.97189592641833
16.73742542183844
16.50399151021799
16.27163946876071
16.04041356276343
15.8103570503193
15.58151223381802
15.35392028187822
15.12762140979607
14.90265477444789
14.67905852148731
14.45686973154431
14.23612445452538
14.01685767968778
13.79910338760298
13.5828945016812
13.3682628600072
13.15523930802453
12.9438536258335
12.73413453932602
12.5261097785807
12.31980595413415
12.11524872042365
11.91246264923383
11.71147130689557
11.51229724567894
11.31496195255659
11.11948595137365
10.9258887143083
10.73418875963207
10.54440354862061
10.35654960388232
10.17064243107521
9.986696586915583
9.804725641024758
9.624742204841755
9.446757985236763
9.270783661672352
9.096829071538274
8.924903064723665
8.755013636711514
8.587167811223454
8.42137180155062
8.257630887531715
8.095949500660947
7.936331222146266
7.778778773151123
7.62329407372684
7.469878174043309
7.318531391485222
7.16925318248208
7.022042263565668
6.876896565548404
6.733813288348815
6.592788875189571
6.453819069379992
6.316898868426718
6.182022626990202
6.049183956952126
5.91837586942262
5.789590680256513
5.662820086595522
5.538055170976141
5.415286423372166
5.294503724195832
5.175696390484062
5.058853170281913
4.943962314668758
4.831011504253958
4.719987931047982
4.610878296228313
4.503668830302921
4.398345283414653
4.294892990544639
4.193296848058883
4.093541331282913
3.995610533130868
3.899488170599701
3.805157582445234
3.712601784930881
3.621803454576403
3.532744928938463
3.445408300209297
3.359775332410515
3.275827541512775
3.193546193493069
3.112912309655665
3.033906700248795
2.956509979373993
2.880702543216294
2.806464640977611
2.733776340184738
2.662617579832108
2.592968155066504
2.524807757576971
2.458115960108755
2.392872253347183
2.329056049446895
2.266646707000725
2.205623526065354
2.145965764805246
2.087652665824431
2.030663463190775
1.974977370789067
1.920573645233777
1.867431534169669
1.815530350080789
1.764849424940768
1.715368153603504
1.667066007853666
1.619922532771622
1.573917338445226
1.529030162767491
1.485240825677272
1.442529267266237
1.400875555696998
1.360259873268653
1.320662562893223
1.282064094145901
1.244445097007419
1.207786368032474
1.172068858008256
1.137273695546443
1.103382192763465
1.070375848504838
1.038236341545538
1.006945558073838
0.9764855733202142
0.9468386763064768
0.9179873678080315
0.8899143494125678
0.8626025537529041
0.8360351232043162
0.8101954356237506
0.7850670806455984
0.7606338933796185
0.736879923469115
0.7137894717238195
0.6913470610155995
0.6695374569084384
0.6483456649601993
0.6277569272588944
0.6077567271614748
0.5883307878505776
0.5694650791520584
0.5511458092679739
0.5333594289000476
0.5160926264289704
0.4993323384467533
0.483065740621889
0.4672802476207934
0.4519635110615827
0.4371034245026892
0.4226881193499626
0.4087059586056565
0.3951455415783044
0.3819957025932459
0.3692454989117345
0.3568842248226736
0.3449014031226897
0.3332867718352639
0.3220302989460487
0.3111221670144133
0.3005527808496882
0.2903127627767901
0.2803929387890518
0.2707843543018085
0.2614782564039205
0.2524660971632364
0.2437395296596916
0.235290409537253
0.2271107856459665
0.2191928997933477
0.2115291800304208
0.2041122467383345
0.1969348999425459
0.1899901237137134
0.1832710730935816
0.1767710823519044
0.1704836561184239
0.1644024639415967
0.158521342762501
0.1528342895044987
0.147335458985354
0.1420191616857483
0.1368798630717832
0.1319121708264869
0.1271108425804006
0.1224707770457193
0.1179870139267346
0.1136547274709194
0.1094692276797627
0.1054259497779526
0.1015204635264315
0.097748457736849
0.09410574526985861
0.09058825599730183
0.08719203624722294
0.08391324927794624
0.0807481609803007
0.07769315006238792
0.07474470118225238
0.07189939663041299
0.06915392250050202
0.06650505974751852
0.06394968544266535
0.06148476743718272
0.05910736407480483
0.05681462248628821
0.05460377388592728
0.05247213073204141
0.05041708907873672
0.04843612175104023
0.04652677725776764
0.04468668080144982
0.04291352706251784
0.04120508368580708
0.03955918470321452
0.03797373038125729
0.03644668742215178
0.03497608277562436
0.03356000623196528
0.03219660697664497
0.0308840893870955
0.02962071662162913
0.02840480402752469
0.02723472058551129
0.02610888647043817
0.02502577109938354
0.02398389349016858
0.02298181780690518
0.02201815430094269
0.02109155789419408
0.02020072611250834
0.01934439834464523
0.01852135325672656
0.01773041077740474
0.01697042699333818
0.01624029594167248
0.01553894590717167
0.01486534285394431
0.01421848397402218
0.01359740016395944
0.01300115352434381
0.01242883788742831
0.01187957569041075
0.0113525193751468
0.01084684914665055
0.01036177270720293
0.00989652355915481
0.009450361662155789
0.009022570943640788
0.008612460506237327
0.00821936198314162
0.007842630389746681
0.007481642063914141
0.007135795131138028
0.006804507810919165
0.006487219194490531
0.006183387827903956
0.005892490408002383
0.00561402212739424
0.005347496181220091
0.005092442703650996
0.004848408549357396
0.004614956809859904
0.004391665998986165
0.004178130014553539
0.003973956995074092
0.003778770161699797
0.003592205484848898
0.003413913058468552
0.003243555109705169
0.003080807532107867
0.002925357376797156
0.002776903519370319
0.002635156785135434
0.002499838483847808
0.002370680568415443
0.002247425363432027
0.002129825165283228
0.002017642229278103
0.001910647240554203
0.001808620848939815
0.001711351520239718
0.001618636773579948
0.001530282008365148
0.001446100270813956
0.001365912408963409
0.001289546433447596
0.001216837385615995
0.001147627138629046
0.001081763974840401
0.001019102399218036
0.000959503454752102
0.0009028333150960592
0.0008489642974139437
0.0007977740390386298
0.0007491450155597292
0.000702965102427708
0.0006591267546163445
0.0006175269959317424
0.0005780675555572298
0.0005406538252025751
0.0005051959766569432
0.0004716074458250456
0.0004398056772818793
0.0004097115556098257
0.0003812495789143913
0.0003543473010256493
0.0003289354109893951
0.000304947748703855
0.0002823206350637453
0.0002609934911941592
0.0002409079784911871
0.0002220084903207188
0.0002042415875797504
0.0001875560684533985
0.0001719029834695053
0.0001572352034738888
0.0001435076452048042
0.0001306770560930194
0.0001187018306636132
0.000107542128678187
9.715956479467047e-05
8.751720388703364e-05
7.857965461889947e-05
7.031283033839578e-05
6.26837960711278e-05
5.566102599235444e-05
4.921399142690299e-05
4.331327707410186e-05
3.793056046497707e-05
3.303849711314095e-05
2.861067665071305e-05
2.462162718267305e-05
2.104666214693302e-05
1.786204306072267e-05
1.504471234885856e-05
1.25724952199059e-05
1.042382706907618e-05
8.577957575800123e-06
7.014764722165578e-06
5.714820531670799e-06
4.659356188620133e-06
3.830204283112227e-06
3.209829101767659e-06
2.781307940519522e-06
2.528291946754611e-06
2.43502467882613e-06
2.486315957552919e-06
2.667561543195621e-06
2.964693892784749e-06
3.364193415073537e-06
3.853136559877687e-06
4.41908856279469e-06
5.050192370518703e-06
5.735134455194575e-06
6.463114221860883e-06
7.223891701081832e-06
8.007757879404468e-06
8.805528158993817e-06
9.608572702056497e-06
1.040874272615152e-05
1.119849436858747e-05
1.197075371595953e-05
1.271897177386304e-05
1.343716085127969e-05
1.411981573531103e-05
1.476194687110951e-05
1.535910436703446e-05
1.590729038899925e-05
1.640306505510592e-05
1.68434418814455e-05
1.722590650563244e-05
1.754847621731379e-05
1.780954660454244e-05
1.800803222308614e-05
1.814325272196111e-05
1.821503325197739e-05
1.822349907546861e-05
1.816926623372956e-05
1.805330464172225e-05
1.787698082413946e-05
1.764196562725629e-05
1.7350316308223e-05
1.700440576280881e-05
1.66068827535795e-05
1.616071067503775e-05
1.566907045333625e-05
1.513544026630416e-05
1.456346448211078e-05
1.395700775803907e-05
1.332012661387267e-05
1.265699345189854e-05
1.197194126371837e-05
1.126941005599281e-05
1.055388839135389e-05
9.829989721469949e-06
9.102293241858356e-06
8.375471155062082e-06
7.654114321915282e-06
6.942853166685981e-06
6.246215667593731e-06
5.568683402764e-06
4.914662953114062e-06
4.288396671824857e-06
3.694054516766185e-06
3.135627344267255e-06
2.616930132633029e-06
2.141618364738858e-06
1.713121738327578e-06
1.334670512256538e-06
1.009261192840255e-06
7.396457682379716e-07
5.283230817887071e-07
3.775224769905473e-07
2.892042706944853e-07
2.650495478026172e-07
3.064403893403397e-07
4.144728669974734e-07
5.8993869142736e-07
8.333328191735931e-07
1.144839910481071e-06
1.524346387471664e-06
1.971438441203223e-06
2.485387316346686e-06
3.065189014143104e-06
3.70952768505043e-06
4.416821485890326e-06
5.185192900565411e-06
6.012484726050755e-06
6.89632691961768e-06
7.834038453825935e-06
8.822755322318945e-06
9.859346427114366e-06
1.094049659022956e-05
1.206265219437057e-05
1.322212468074629e-05
1.441504477164586e-05
1.563738461579506e-05
1.688498060534553e-05
1.815356059542596e-05
1.943875954640944e-05
2.073610012605011e-05
2.204108203424103e-05
2.334917310865347e-05
2.465577171470112e-05
2.595628205196302e-05
2.724614897239144e-05
2.852084554457023e-05
2.977587718035897e-05
3.100678867751843e-05
3.220930259202065e-05
3.337913029602365e-05
3.451221153699333e-05
3.560456904067844e-05
3.665234252213901e-05
3.765191588031025e-05
3.859980744402497e-05
3.949272600270869e-05
4.03276143271494e-05
4.110157670286995e-05
4.18120315055557e-05
4.24565468044881e-05
4.303300262217316e-05
4.353952119353128e-05
4.397441577974207e-05
4.433634116264614e-05
4.462421242911112e-05
4.483720236486407e-05
4.497471757341542e-05
4.503650216764021e-05
4.502254224045506e-05
4.493309454061777e-05
4.476868298428555e-05
4.453011223518243e-05
4.421846647316999e-05
4.383500984755023e-05
4.338133777243543e-05
4.285923153771381e-05
4.227072952341537e-05
4.161810505602542e-05
4.090379204018322e-05
4.013047251487742e-05
3.93009782200268e-05
3.841839647282864e-05
3.74858929580365e-05
3.650679487061926e-05
3.548458336504828e-05
3.442289349163923e-05
3.33254055139843e-05
3.219592458704606e-05
3.103829914386723e-05
2.985650699680058e-05
2.865449208600415e-05
2.74362900516913e-05
2.620586536043543e-05
2.496728964539428e-05
2.372453353826346e-05
2.248155576430049e-05
2.124227892419112e-05
2.001057092828252e-05
1.879019753976525e-05
1.758483953047908e-05
1.639806850245039e-05
1.523340879072257e-05
1.409414081660044e-05
1.298350026131018e-05
1.190451532257969e-05
1.086010178543137e-05
9.852969137996218e-06
8.885692975658702e-06
7.960598020464376e-06
7.079896632480584e-06
6.245549752415511e-06
5.459347080307794e-06
4.722844551883905e-06
4.037430514335486e-06
3.404244057928632e-06
2.824240143252345e-06
2.298144495819607e-06
1.826485441702647e-06
1.409574928444803e-06
1.047515611405246e-06
7.401992026246578e-07
4.873380501887582e-07
2.884247956407304e-07
1.427696655279977e-07
4.950077194776354e-08
7.56515836103606e-09
1.573553084827137e-08
7.262524984063097e-08
1.76690528247647e-07
3.262422626202579e-07
5.194511708789557e-07
7.543664810067206e-07
1.028917354371191e-06
1.340922968948197e-06
1.688115012022226e-06
2.068137700401541e-06
2.478550185786839e-06
2.916866739743703e-06
3.380533223695264e-06
3.866970410127635e-06
4.373569335679066e-06
4.897686290778312e-06
5.436685057865113e-06
5.987928502209222e-06
6.54879937463999e-06
7.116702053350138e-06
7.689070653925095e-06
8.263393333435159e-06
8.83720552140658e-06
9.40810770677348e-06
9.97374955645701e-06
1.053191960784129e-05
1.10804171322545e-05
1.161719259660607e-05
1.214027172433679e-05
1.2647781020567e-05
1.313796252462573e-05
1.360917110463335e-05
1.40599116586784e-05
1.448873751193495e-05
1.489442774352998e-05
1.527577197109898e-05
1.563178942574255e-05
1.596160334167445e-05
1.626441732369756e-05
1.65396221662801e-05
1.678668537740835e-05
1.70052795230334e-05
1.719512009325754e-05
1.735608539219814e-05
1.748816941849507e-05
1.759148550650014e-05
1.766624683166921e-05
1.771277684514957e-05
1.773153936323574e-05
1.772302594927087e-05
1.76878797990004e-05
1.762681207185621e-05
