2.062744540646378e-05
2.05218900986192e-05
2.035485952205557e-05
2.012753478572651e-05
1.984156081257526e-05
1.949899829875268e-05
1.910230546321978e-05
1.865438678509909e-05
1.815848582680955e-05
1.761833799603917e-05
1.703796494625627e-05
1.642179316825804e-05
1.577459677231505e-05
1.510144761085292e-05
1.440775836603049e-05
1.36991893608917e-05
1.298168449437049e-05
1.22613849436668e-05
1.154464057713073e-05
1.083800667034161e-05
1.014811323628485e-05
9.481767092650438e-06
8.845793658299915e-06
8.247095953966273e-06
7.692558449107229e-06
7.189060350280414e-06
6.743373513468975e-06
6.362221857747916e-06
6.052153005994591e-06
5.819546881032455e-06
5.670602109061672e-06
5.611235999709968e-06
5.647108732012571e-06
5.783570461281353e-06
6.0256110421598e-06
6.377868914671111e-06
6.844535577401385e-06
7.429407711936606e-06
8.135791955868774e-06
8.966536266604187e-06
9.923949460119938e-06
1.100979940431306e-05
1.222534145170477e-05
1.35712392179596e-05
1.504753742775903e-05
1.665375255096269e-05
1.838874631413223e-05
2.025080164478415e-05
2.223753521245919e-05
2.434600415554112e-05
2.65726169427601e-05
2.891318152427012e-05
3.136289737811922e-05
3.391635585193894e-05
3.656762008122921e-05
3.931013598107202e-05
4.213684867894303e-05
4.504011005563924e-05
4.80118678819445e-05
5.104352863471907e-05
5.412610543818613e-05
5.7250156679e-05
6.040587684277914e-05
6.358319312480355e-05
6.677164383623307e-05
6.99605428893527e-05
7.313902208177648e-05
7.629599557859011e-05
7.942025184335049e-05
8.250059535317548e-05
8.552563035151784e-05
8.848418127111955e-05
9.136493903521604e-05
9.415692469435493e-05
9.684915594061899e-05
9.943091423434207e-05
0.0001018918043549113
0.0001042217004649918
0.0001064108645916777
0.0001084500021248416
0.0001103301619259002
0.0001120429848439058
0.0001135806965666405
0.0001149360374525691
0.0001161024148443804
0.0001170738553711672
0.0001178451637514743
0.0001184117700196379
0.000118770064429555
0.0001189169364629926
0.0001188503524652152
0.0001185689181427167
0.0001180721851237311
0.000117360544712426
0.0001164352512313674
0.0001152984494357925
0.0001139531406880199
0.000112403166271911
0.0001106533096496002
0.0001087091357177408
0.0001065771217082911
0.000104264577112963
0.0001017794924824297
9.913075988117344e-05
9.63279777715148e-05
9.338144837971561e-05
9.03022011554942e-05
8.710188088394783e-05
8.379275265546675e-05
8.038758523639843e-05
7.689965167948763e-05
7.334276304022624e-05
6.973104704561576e-05
6.607896307184048e-05
6.240138201386652e-05
5.871325139402669e-05
5.502976636771591e-05
5.136619006966892e-05
4.773778494573355e-05
4.415989199181568e-05
4.064770602374976e-05
3.72161667607745e-05
3.388011826773657e-05
3.065405689478555e-05
2.755213231797979e-05
2.458803481531157e-05
2.177507574440732e-05
1.912589676932182e-05
1.665259210697701e-05
1.436660992368119e-05
1.227865910481011e-05
1.039871182916898e-05
8.735872181539331e-06
7.298449870378248e-06
6.093782169560261e-06
5.128288723217876e-06
4.407432348460401e-06
3.93564749634614e-06
3.716319250342254e-06
3.751787475435907e-06
4.043306088648991e-06
4.591054826218585e-06
5.394081680532592e-06
6.450363685226904e-06
7.756733925134189e-06
9.308970570404206e-06
1.11017513502784e-05
1.312865628194247e-05
1.53822337484175e-05
1.785400982154511e-05
2.053452811909077e-05
2.341332288018011e-05
2.647904825806813e-05
2.971948004126868e-05
3.312151762323962e-05
3.667136249822939e-05
4.035441059686247e-05
4.415546840650966e-05
4.805868392752464e-05
5.204768110796497e-05
5.610565597573433e-05
6.02154019647096e-05
6.435936652861605e-05
6.851978859610519e-05
7.267874626664062e-05
7.681819576382667e-05
8.092009015670582e-05
8.496654200920606e-05
8.893970849563099e-05
9.282207783048277e-05
9.659642550604882e-05
0.0001002458867673152
0.0001037541977994636
0.0001071054432058476
0.0001102845768074444
0.0001132771237340992
0.0001160693864205512
0.0001186485116714816
0.0001210026399164429
0.0001231207222154955
0.0001249929510162784
0.0001266103544625453
0.0001279652502145407
0.0001290510867768799
0.0001298625098160235
0.0001303954072327664
0.0001306469247430088
0.0001306155703056198
0.0001303009920737241
0.0001297043431939932
0.0001288279868644729
0.0001276756673486583
0.0001262523859678575
0.0001245645118042557
0.0001226196254432287
0.0001204266671954851
0.0001179957425444667
0.0001153380413114584
0.0001124661181159573
0.0001093934422134743
0.0001061346308425581
0.0001027052597282794
9.912181820892871e-05
9.540167053650518e-05
9.156293289468175e-05
8.762445373017825e-05
8.360566903444256e-05
7.952662068007209e-05
7.540773255245169e-05
7.12698041600527e-05
6.713397370804279e-05
6.302145036883353e-05
5.895357931338148e-05
5.495170981220277e-05
5.103698892581004e-05
4.723045364279432e-05
4.35527194031203e-05
4.002411021923808e-05
3.666433175751512e-05
3.349254577753572e-05
3.05272090561532e-05
2.778602119603531e-05
2.528572790681319e-05
2.304218914570177e-05
2.107022318387579e-05
1.938351883145738e-05
1.799454740159373e-05
1.691459086157963e-05
1.615355282117155e-05
1.572003206747427e-05
1.562114629152054e-05
1.58625475341295e-05
1.644845539652454e-05
1.738144063068853e-05
1.866262801743736e-05
2.0291476952344e-05
2.226586014105112e-05
2.45821472022109e-05
2.723498651697988e-05
3.021753351370326e-05
3.352138476398809e-05
3.713655825195649e-05
4.105155546949064e-05
4.525350687900082e-05
4.972800458282533e-05
5.445938684872877e-05
5.943062736434741e-05
6.462342195495917e-05
7.001846819381756e-05
7.559515265646712e-05
8.133206451158291e-05
8.720677820549339e-05
9.319606772387975e-05
9.927593289137961e-05
0.0001054219429485449
0.0001116089293455768
0.0001178115501329584
0.0001240039324781102
0.0001301602942708678
0.0001362546393568989
0.0001422609932987562
0.0001481537773604038
0.0001539074857694946
0.0001594971459035641
0.0001648983239681401
0.0001700872172204072
0.0001750406919196789
0.0001797367057458795
0.0001841540073823625
0.0001882725298216649
0.000192073347538726
0.000195538809383271
0.0001986526452718072
0.0002014001369007712
0.0002037679426942877
0.0002057443347895141
0.0002073194294765486
0.0002084848560822938
0.0002092342160125907
0.0002095626943374864
0.0002094675572236247
0.0002089478457070246
0.0002080045324480714
0.0002066405280876143
0.0002048605005458652
0.0002026711741228203
0.000200081114218641
0.0001971006613256242
0.0001937422224969197
0.0001900196579343358
0.000185948778276231
0.0001815469901591204
0.0001768333221670983
0.0001718284053086661
0.0001665540131527365
0.0001610336987606173
0.0001552919271311008
0.0001493544588259768
0.0001432481348058967
0.000137000589751863
0.0001306403887971929
0.0001241966792246965
0.000117699223530823
0.0001111781877486063
0.0001046640004545139
9.818723529714004e-05
9.177844941727171e-05
8.546813161096262e-05
7.928643023056305e-05
7.326312854400525e-05
6.742735510480062e-05
6.180765604609412e-05
5.643168790642909e-05
5.132614596834883e-05
4.65166427557206e-05
4.202757099133886e-05
3.788197067632947e-05
3.410143268634873e-05
3.070602863368378e-05
2.771410010144776e-05
2.51422316492827e-05
2.300521214735782e-05
2.131586831310743e-05
2.008502632957845e-05
1.932144234370515e-05
1.903178683531367e-05
1.922056094917015e-05
1.989003700817677e-05
2.104031507828864e-05
2.266923864323603e-05
2.477242318225005e-05
2.734326271597303e-05
3.037293277424065e-05
3.385041711938392e-05
3.776260983573579e-05
4.209423363149328e-05
4.682802428863856e-05
5.194475937630439e-05
5.742330420760502e-05
6.324072191959811e-05
6.937241990215717e-05
7.579215504067308e-05
8.247227860387983e-05
8.938366951299773e-05
9.649613495608212e-05
0.0001037782780256378
0.0001111977894558378
0.0001187215742430037
0.0001263158681732181
0.0001339464700901209
0.0001415787987729358
0.0001491781621847033
0.0001567098749510414
0.0001641393526982712
0.0001714324453978504
0.0001785554174533605
0.0001854753521495722
0.0001921599993838181
0.0001985782925545537
0.0002047001691955153
0.0002104969649562886
0.0002159414580325957
0.0002210080499146926
0.0002256729498115899
0.0002299140792166114
0.0002337114779955999
0.0002370472750426893
0.0002399058168943291
0.0002422737843826066
0.000244140124432137
0.0002454964080263769
0.0002463366803928829
0.0002466574953832018
0.0002464580971117965
0.0002457404763266607
0.0002445089681380054
0.0002427708325680859
0.0002405359585891172
0.0002378166522504329
0.0002346279949049268
0.0002309875820921335
0.0002269154100960902
0.0002224337946342583
0.0002175675763172708
0.0002123435545104427
0.0002067907990120179
0.00020094023993057
0.0001948246121151935
0.000188478439297697
0.0001819376804160086
0.0001752397972692303
0.0001684232329393423
0.0001615276024401007
0.0001545933371131895
0.0001476614866404422
0.0001407735316679321
0.000133971195302992
0.0001272961964134656
0.0001207901504278038
0.0001144942468453918
0.0001084491286491618
0.0001026945573897503
9.726934161645994e-05
9.221109791245763e-05
8.755595164061884e-05
8.333846674531654e-05
7.959144079713386e-05
7.634560300697111e-05
7.362959989887742e-05
7.14696986757166e-05
6.988964946074619e-05
6.891066938714065e-05
6.855105554733908e-05
6.882636185252595e-05
6.974896027710726e-05
7.132824499006379e-05
7.35703226238336e-05
7.647811486790126e-05
8.005105027462405e-05
8.428542423295725e-05
8.917386080160226e-05
9.470588414438423e-05
0.0001008673595965174
0.0001076409273564354
0.000115005894279967
0.000122938290401825
0.0001314109058224301
0.0001403934271943718
0.0001498526643148419
0.0001597524481474773
0.0001700539885800041
0.0001807157661601519
0.0001916940878174481
0.0002029428027414034
0.0002144139531767879
0.0002260577753396545
0.0002378227476023768
0.0002496562465968723
0.0002615043725494445
0.000273312536291853
0.0002850255729577273
0.0002965877897610238
0.0003079439228064593
0.000319038506835835
0.0003298168503208139
0.0003402250902689339
0.0003502105753849138
0.0003597219021738345
0.0003687094636035616
0.0003771255596722725
0.0003849249719933839
0.0003920647439652774
0.0003985049448560882
0.0004042087458783961
0.0004091422830188902
0.0004132757664158985
0.0004165828222895197
0.0004190412231262561
0.0004206329437545269
0.0004213441980159743
0.0004211660823919763
0.000420094016601325
0.0004181285226590124
0.0004152749428210223
0.0004115434435130327
0.000406949862319138
0.0004015146332643356
0.0003952635659259707
0.0003882276622451127
0.0003804430910151659
0.0003719508846813005
0.0003627975587605787
0.000353034060197247
0.0003427166227080409
0.000331905891367797
0.000320667052174142
0.0003090697172655938
0.0002971875856365919
0.0002850982456153868
0.0002728828534989559
0.0002606261521894183
0.0002484157181185643
0.0002363419646988139
0.0002244978527147101
0.0002129782931864848
0.0002018799157930323
0.0001913007902806096
0.0001813398880347312
0.0001720967755502542
0.0001636710495849875
0.0001561621566322851
0.0001496687737254079
0.0001442885048903908
0.0001401173111176819
0.0001372491851695471
0.000135775651146956
0.0001357854704465905
0.0001373639834569944
0.000140592819195891
0.0001455495050392131
0.0001523070436861543
0.0001609333599190877
0.0001714913010955627
0.00018403773205211
0.0001986236979528803
0.0002152937487694965
0.000234085823917804
0.0002550307530513796
0.0002781522854768516
0.0003034666318577483
0.0003309823051623724
0.0003606997303194518
0.0003926116402370028
0.0004267021949586742
0.0004629475454434694
0.0005013153080020297
0.0005417649137621746
0.0005842470042322546
0.0006287041420772715
0.0006750704908158241
0.0007232719124319802
0.0007732262708086994
0.0008248434498493733
0.000878025422477535
0.000932666739605641
0.0009886548393260284
0.001045869886551897
0.001104185472368623
0.001163469134888029
0.001223582092831861
0.001284380142689475
0.001345714257350342
0.001407430674840842
0.001469371236175736
0.0015313743257437
0.001593275436815985
0.001654907207081817
0.001716100512454856
0.001776684656846837
0.001836488161062888
0.001895339574088354
0.001953067628771277
0.002009502053639867
0.002064474483128097
0.002117818720920372
0.002169371323182635
0.002218972540669203
0.002266466753545564
0.002311703205271169
0.002354536022430201
0.002394826342335989
0.002432440696089483
0.002467253145493415
0.002499145385169262
0.002528007298079131
0.002553737086725932
0.002576242549809995
0.002595440365365659
0.002611257313235308
0.002623631133557085
0.002632509194676329
0.002637850147886079
0.002639623961888436
0.002637812257824945
0.002632407501844446
0.002623414726455443
0.002610850311966766
0.002594742697309917
0.00257513247863091
0.002552071645681828
0.002525624838319969
0.002495867424555697
0.002462887250729925
0.002426783189567156
0.002387665381009226
0.002345654586038134
0.002300882148853446
0.002253490126861252
0.002203629778059951
0.00215146180544677
0.002097155955147175
0.002040889988530187
0.001982849593876509
0.001923228024697783
0.001862224385327122
0.001800044184646174
0.00173689819428138
0.001673001785645183
0.001608573891866277
0.001543836745178054
0.001479015100824501
0.001414334888764921
0.001350023528028117
0.001286307854966942
0.001223414272506704
0.00116156741901972
0.001100990109665832
0.001041901410772265
0.0009845168767787355
0.0009290474605352737
0.0008756983635812523
0.0008246689156148763
0.0007761511843010243
0.0007303301265928785
0.000687382057013256
0.0006474745292797623
0.0006107653299015802
0.0005774022385122709
0.0005475224741358024
0.0005212514944016934
0.0004987035386984442
0.0004799802944141984
0.0004651711212767091
0.0004543521775497279
0.0004475867137857869
0.0004449238744343193
0.0004463995868571798
0.000452035388553961
0.0004618390591167604
0.0004758042070897265
0.0004939099761390076
0.0005161217507140578
0.0005423906893269102
0.0005726537973714017
0.000606834684162768
0.0006448431689004701
0.0006865760486159641
0.0007319170787188874
0.0007807374333429516
0.0008328962350946056
0.0008882409348892034
0.0009466078551610093
0.001007822881417531
0.001071701509547768
0.001138050477851785
0.001206667228213922
0.00127734160492246
0.001349856108451324
0.001423986520245783
0.001499503343618845
0.001576171824846211
0.00165375321576743
0.001732005663374414
0.001810684627865699
0.001889544359798173
0.001968338169952559
0.002046819956479812
0.00212474439765679
0.002201868607651846
0.0022779519481396
0.00235275778840726
0.002426054378742005
0.002497614658270408
0.002567218442376198
0.002634652187829545
0.002699710151960172
0.002762195238076338
0.002821919160197054
0.002878704211954959
0.002932382653840832
0.002982798006840159
0.003029805322789998
0.00307327211715533
0.003113078572466494
0.003149117795513312
0.003181296538740508
0.003209535236317793
0.003233768351114694
0.003253944756592157
0.003270028076252035
0.003281995962010222
0.003289840890078514
0.003293570769606961
0.003293206894853977
0.003288785969799846
0.00328035918186701
0.003267991232338701
0.003251761033676684
0.00323176153645921
0.003208098457387104
0.00318089068109967
0.003150268587795538
0.003116376404859434
0.003079367612565789
0.003039407544417258
0.002996671668940778
0.002951344429734871
0.002903619460181605
0.002853698802653267
0.002801790653555895
0.002748110489232752
0.002692879434798459
0.002636323442390822
0.002578672072617038
0.00252015869776888
0.002461018590021657
0.002401487877188528
0.002341804331985342
0.002282204303146681
0.002222923583671514
0.002164195142463767
0.002106249386550385
0.00204931291442204
0.001993607112740192
0.001939348433317373
0.001886746273394016
0.001836003624992351
0.001787315265115624
0.001740867010594902
0.001696836175070336
0.001655389722601068
0.001616683738710194
0.001580864032335666
0.001548063927030537
0.001518405305518505
0.001491996959803341
0.001468935008802573
0.001449302487219624
0.001433168331311008
0.001420588155387607
0.001411603443494077
0.001406241202647956
0.001404514891228276
0.0014064232059673
0.001411950817086107
0.001421068318928036
0.001433732259936182
0.001449885399050317
0.001469456933120773
0.001492362906899802
0.001518506252868933
0.001547777509102352
0.001580054913331054
0.001615205468337393
0.001653084561802913
0.001693537304396734
0.00173639871997095
0.001781494914793549
0.001828642664977482
0.001877651486190837
0.001928323243256699
0.001980453342557625
0.002033832039826732
0.002088243789972732
0.002143469833097769
0.002199287577502493
0.00225547203624027
0.002311797414492608
0.002368035877691758
0.002423960587357807
0.002479345825112881
0.002533966991183126
0.002587602610650613
0.002640034272509621
0.002691048080071758
0.002740435078652599
0.002787991888786654
0.002833521904243776
0.002876835590968136
0.002917751634524827
0.002956096710054454
0.002991707033623914
0.003024428309901075
0.003054116977357559
0.003080640003887762
0.003103874921078817
0.003123712047651121
0.003140053131897923
0.003152812225188596
0.00316191610641685
0.003167304291345977
0.003168929355238343
0.003166757149972101
0.003160766142449886
0.003150948868492114
0.003137310652463408
0.00311987002132628
0.003098658147765748
0.00307372014312805
0.003045112450907058
0.003012904540330554
0.002977178077482484
0.002938026584872143
0.002895553724547507
0.002849875711876038
0.00280111794293601
0.002749416671426962
0.002694916707513419
0.0026377721397845
0.002578145186055291
0.002516205654096822
0.002452129840828799
0.002386101139067601
0.002318307608673392
0.002248942885673464
0.002178203826996571
0.002106291892132569
0.002033409794334439
0.001959763313584092
0.001885558158630856
0.001811001423448114
0.001736299722283936
0.001661657724029098
0.001587279017137327
0.001513364508190708
0.001440111168626674
0.001367712997468893
0.001296358657497828
0.001226231852776332
0.001157509902680868
0.001090364181093003
0.001024958886907988
0.0009614504425063021
0.0008999870711072927
0.0008407086659005782
0.000783745853523467
0.0007292202254423248
0.0006772433338551162
0.0006279167147970511
0.0005813316869725384
0.0005375685679339393
0.0004966976848355851
0.0004587776037197421
0.0004238564329186449
0.0003919709648804707
0.0003631468955030138
0.0003373989671315587
0.000314730649400432
0.0002951347447460713
0.0002785932207770694
0.000265077304945734
0.0002545481087602066
0.0002469564499369438
0.0002422434355355374
0.0002403407576934674
0.0002411708438626555
0.0002446476251835637
0.0002506765500547912
0.000259155346738016
0.000269974450587358
0.0002830173792511358
0.0002981613097957759
0.0003152776531540517
0.0003342327501454258
0.0003548880510281889
0.0003771012172089726
0.0004007262409259767
0.0004256143245218752
0.0004516144056283265
0.0004785738625457585
0.0005063388856942905
0.0005347553604445199
0.0005636692459369065
0.0005929272931330694
0.0006223777373421603
0.0006518704736172697
0.0006812580138243566
0.000710395857859284
0.0007391430384052863
0.0007673625832195302
0.0007949220433203572
0.0008216940191756609
0.0008475563340380389
0.0008723928186552627
0.0008960932071204593
0.0009185541213999897
0.0009396786296259868
0.0009593774067653934
0.0009775677283273478
0.0009941751931990294
0.001009132840143786
0.001022381833773181
0.001033871165156396
0.001043557976571698
0.001051407668613252
0.001057393832576086
0.001061498425442045
0.001063711242359789
0.001064029968458639
0.001062460724009194
0.001059016999042947
0.00105372013894643
0.001046598761843302
0.001037688710122972
0.001027032604096804
0.001014679841145381
0.001000686051415779
0.0009851131035671337
0.0009680279866170818
0.0009495033610590869
0.0009296165510046447
0.0009084497558459397
0.00088608869579845
0.0008626230688462879
0.0008381457593891148
0.0008127523154045048
0.0007865405872837767
0.0007596104607406656
0.0007320630726668879
0.0007040006168272655
0.0006755255503490397
0.0006467409244832641
0.0006177488653122637
0.000588651039829059
0.0005595477744988155
0.0005305376621689992
0.0005017174559430106
0.0004731813733081683
0.0004450209115240749
0.0004173242772339129
0.0003901764253466492
0.0003636583977924984
0.0003378471243110888
0.0003128153633617841
0.0002886311860224276
0.0002653578838250399
0.000243053659179372
0.0002217717117621615
0.0002015598908748287
0.000182460402645686
0.0001645101148013679
0.0001477401766891842
0.000132176175240202
0.0001178379580954712
0.000104739722649628
9.289003651619863e-05
8.22918850882137e-05
7.294283964422583e-05
6.483491153229842e-05
5.795501514819269e-05
5.228488049843537e-05
4.78012850812846e-05
4.447627959413234e-05
4.227740581412992e-05
4.116780781159253e-05
4.110663634008683e-05
4.204918397603513e-05
4.394723942723098e-05
4.674930077351521e-05
5.040090549171515e-05
5.484500403419519e-05
6.002211642916132e-05
6.58707692355853e-05
7.232783353834491e-05
7.932875906509128e-05
8.680801427210898e-05
9.469928105241007e-05
0.0001029358156666726
0.0001114510412579592
0.0001201784211576148
0.0001290520570174835
0.0001380070911202655
0.0001469795919334118
0.0001559072409883521
0.0001647296124682395
0.0001733880778681842
0.0001818264271554782
0.000189991063486911
0.0001978308146416087
0.0002052978218498443
0.0002123472153954098
0.0002189374952733601
0.0002250305301956502
0.000230591987303946
0.000235591225077416
0.0002400014093555314
0.0002437994623801225
0.000246966711449705
0.0002494880226448454
0.000251352693435101
0.0002525537444290012
0.0002530884787757344
0.000252957996059081
0.0002521674871644411
0.000250725722252122
0.0002486454783617395
0.0002459431069232238
0.0002426384040175707
0.0002387545015093189
0.0002343178934198741
0.0002293579393258431
0.0002239070255136766
0.0002179999115105086
0.0002116740590199292
0.0002049690471486279
0.0001979263172270487
0.0001905893139252735
0.0001830026583934963
0.000175212630434281
0.0001672661042519071
0.0001592110139081186
0.0001510956054032065
0.0001429684199469281
0.0001348779860509712
0.000126872533201064
0.0001189997695189997
0.0001113065610253977
0.0001038389889228242
9.664161806966732e-05
8.975761483023962e-05
8.32285520196568e-05
7.709398614283356e-05
7.139143988835161e-05
6.615620354779446e-05
6.142094419391905e-05
5.721589654915081e-05
5.356844745469363e-05
5.050311060461589e-05
4.804139645474386e-05
4.620167462675606e-05
4.499923619718476e-05
4.444598384294452e-05
4.45505452818037e-05
4.531825867622278e-05
4.675101116110546e-05
4.884740263521178e-05
5.160258304649628e-05
5.50085064637514e-05
5.905368675679276e-05
6.372356804120981e-05
6.900036971602443e-05
7.48632498792732e-05
8.128852637161348e-05
8.824957919155656e-05
9.571717141035426e-05
0.000103659456556454
0.0001120422861243041
0.0001208292395665615
0.0001299819288604286
0.0001394599756513024
0.0001492215634184947
0.0001592231661203125
0.0001694202212569404
0.0001797670949979916
0.0001902172961369168
0.0002007237195114341
0.0002112390494359524
0.0002217156488202707
0.0002321061021679771
0.0002423633014311408
0.0002524405740197522
0.0002622921411881942
0.0002718729857464875
0.0002811395060980892
0.0002900493433521181
0.0002985618213664648
0.0003066377658657649
0.0003142403390412603
0.0003213344800563233
0.0003278875144319638
0.0003338693168342632
0.0003392521582332476
0.0003440110482210675
0.0003481237753970859
0.0003515710995651892
0.0003543366552171663
0.0003564070836298013
0.0003577723339480155
0.0003584252938736757
0.0003583622145852266
0.0003575823750678525
0.000356088220546871
0.0003538856171025642
0.0003509833672992094
0.0003473933280597573
0.00034313043260213
0.0003382126637119539
0.0003326608081788146
0.0003264984586925177
0.0003197517947273263
0.0003124496320389789
0.000304623247305332
0.0002963059176573483
0.0002875332138043091
0.0002783427421196372
0.0002687736775066974
0.0002588669772032868
0.0002486647226799989
0.0002382105335592723
0.0002275488751487888
0.000216725054295539
0.0002057849486421363
0.0001947748717867461
0.0001837414144133515
0.0001727310821249251
0.0001617900585674451
0.000150964305278457
0.0001402991027645495
0.0001298388184201393
0.0001196268486284082
0.0001097055281237611
0.0001001155381920581
9.089619952089632e-05
8.208508604748021e-05
7.371774629243394e-05
6.582784137651763e-05
5.84466964813015e-05
5.160346415672093e-05
4.532472716623248e-05
3.963465464330549e-05
3.455467115939444e-05
3.010349485655565e-05
2.629708394477024e-05
2.314846587249403e-05
2.066778972663308e-05
1.886228196338918e-05
1.773618720457467e-05
1.729077302315071e-05
1.752434653366585e-05
1.843227529093518e-05
2.000697533868611e-05
2.223803036158665e-05
2.51121839657632e-05
2.861346826312385e-05
3.27232025793104e-05
3.742019291633986e-05
4.268065241342579e-05
4.847862784787257e-05
5.478579521468791e-05
6.157174264799857e-05
6.880415420192936e-05
7.644888086580696e-05
8.447009625123707e-05
9.283048858029344e-05
0.0001014915082942464
0.0001104133834882298
0.0001195553537165674
0.0001288759414939815
0.0001383330298371615
0.0001478840889426154
0.000157486355520189
0.0001670971058606947
0.0001766736092576477
0.0001861735390706235
0.0001955551315625333
0.0002047773353208898
0.0002137997805106345
0.0002225833070964491
0.0002310898979143452
0.0002392829248909768
0.0002471272180138707
0.0002545892375514477
0.0002616373693792972
0.0002682418584213058
0.0002743749431849048
0.0002800109556130848
0.0002851267025820782
0.0002897010756876199
0.0002937155998392496
0.0002971541234674881
0.0003000030039558537
0.0003022513556080124
0.000303890752689366
0.0003049155559699296
0.0003053225957517698
0.0003051114660759067
0.0003042843695249357
0.000302846071642752
0.0003008039927025058
0.0002981679526974077
0.0002949503423163388
0.0002911659042391088
0.0002868317212603933
0.0002819670512969697
0.0002765934162761083
0.0002707341446179547
0.0002644147035171282
0.0002576623096672557
0.0002505055841775553
0.0002429750224851195
0.0002351024627394935
0.0002269206931109211
0.0002184638708978443
0.0002097670301122165
0.0002008659403598128
0.000191796948768803
0.0001825970607225037
0.0001733033109730366
0.0001639531018064195
0.0001545836036228569
0.0001452320070709076
0.0001359349845770621
0.0001267287863025859
0.0001176490809399216
0.0001087304648263653
0.0001000069545628183
9.151118662421775e-05
8.327471567653811e-05
7.532778484163598e-05
6.769904082069668e-05
6.041564886162262e-05
5.350302692828636e-05
4.698493651840031e-05
4.088308229492575e-05
3.521743009177547e-05
3.00057160498322e-05
2.526372549791281e-05
2.100510370715606e-05
1.724129457349492e-05
1.398155377387941e-05
1.123286918996386e-05
9.000051102484512e-06
7.285634520499154e-06
6.089908115902679e-06
5.410951506093231e-06
5.244685092914287e-06
5.584824684471751e-06
6.423001323223518e-06
7.748798497051977e-06
9.54979852646773e-06
1.181166061889871e-05
1.45181965698375e-05
1.765147367489327e-05
2.119187067686449e-05
2.511824987522417e-05
2.940796276906336e-05
3.403709427963592e-05
3.898035578318034e-05
4.421147639553358e-05
4.970316266018772e-05
5.542724233455198e-05
6.135484453605003e-05
6.745645195442283e-05
7.370214868528069e-05
8.006167202101425e-05
8.650454336400255e-05
9.300020965485264e-05
9.951830794584063e-05
0.0001060284905496781
0.0001125009275677797
0.0001189061368489732
0.0001252153417051881
0.0001314003271495642
0.0001374338347252444
0.0001432894596537206
0.0001489418827996385
0.0001543668640275193
0.0001595415254408053
0.0001644442512458694
0.0001690547603402868
0.0001733543783234201
0.0001773259270393264
0.0001809537998194212
0.0001842240918455156
0.000187124645207366
0.0001896449767302054
0.0001917763772079271
0.0001935120673413497
0.0001948468166481564
0.0001957774167062686
0.0001963023814020682
0.0001964220717507335
0.0001961384727471483
0.0001954555034351015
0.0001943785931277957
0.0001929150086992369
0.0001910736063641527
0.0001888646919585668
0.0001863001878585299
0.0001833933020591881
0.0001801587905886498
0.0001766124920254494
0.0001727715816111903
0.0001686542860770867
0.0001642797420118615
0.0001596681731193985
0.0001548403791036602
0.0001498181188441944
0.0001446235926893306
0.0001392795887416884
0.0001338091985262972
0.0001282358186862824
0.0001225830737527116
0.0001168745604897794
0.0001111339628789666
0.0001053846902583289
9.964992555922835e-05
9.395257866426567e-05
8.83149776134148e-05
8.275905382903353e-05
7.730600503415238e-05
7.197623922794693e-05
6.678951437925918e-05
6.176449230115159e-05
5.691905584140876e-05
5.226994792984001e-05
4.783282701115754e-05
4.362216507114632e-05
3.965130052495136e-05
3.593217567244788e-05
3.247558195648401e-05
2.929086808066625e-05
2.638604989747101e-05
2.376780618996507e-05
2.144131829771651e-05
1.941046021757762e-05
1.76776613263822e-05
1.624393061713724e-05
1.510889384301722e-05
1.427085229644186e-05
1.3726699565939e-05
1.347201463624338e-05
1.350114773101467e-05
1.380714432630388e-05
1.438190952252001e-05
1.521614757184271e-05
1.62995132731676e-05
1.762066292181314e-05
1.916722264390942e-05
2.092597820866825e-05
2.28828866428717e-05
2.502313248833835e-05
2.733130550436682e-05
2.979129753658286e-05
3.238658427002327e-05
3.510020499976575e-05
3.791483321978817e-05
4.081294444782572e-05
4.377677741796022e-05
4.67885373625042e-05
4.983048013007973e-05
5.288481461436343e-05
5.593408277992394e-05
5.896102603221544e-05
6.194862465419767e-05
6.488042952572213e-05
6.77403503991651e-05
7.051289261797636e-05
7.318326161472888e-05
7.573724959013782e-05
7.816145339003636e-05
8.044323738297836e-05
8.257084275918651e-05
8.453351523710171e-05
8.632126539078583e-05
8.792525666196766e-05
8.933757268508141e-05
9.055140501168702e-05
9.156096026063041e-05
9.236161152365976e-05
9.294976652760594e-05
9.332298187905233e-05
9.347991844542352e-05
9.342030593779412e-05
9.314502956743588e-05
9.265602727833727e-05
9.195633244146333e-05
9.104996502431697e-05
8.994198676019145e-05
8.863846942237493e-05
8.714644065877123e-05
8.547371075401271e-05
8.362909613062602e-05
8.162210357577243e-05
7.946307682595035e-05
7.716302392261558e-05
7.473362188767362e-05
7.218707693437776e-05
6.953612468146439e-05
6.679397649238527e-05
6.397427463959799e-05
6.109089920089862e-05
5.815797772629086e-05
5.518988736936649e-05
5.220103287583284e-05
4.920593276512072e-05
4.621901896097947e-05
4.325466759171884e-05
4.0327036455486e-05
3.745012824014415e-05
3.463757004736572e-05
3.190263635596819e-05
2.925824080334307e-05
2.671675786851525e-05
2.42900197668376e-05
2.198931688583443e-05
1.982528313888779e-05
1.780781369806663e-05
1.594614777276212e-05
1.4248719662971e-05
1.272315190488883e-05
1.137625392429806e-05
1.021396408213895e-05
9.241303627802042e-06
8.462442704194743e-06
7.880597111291394e-06
7.49805910007329e-06
7.316174670356363e-06
7.335380424397302e-06
7.555136155241469e-06
7.974018437130036e-06
8.589644209794718e-06
9.398779567840818e-06
1.039723744837234e-05
1.158006743798689e-05
1.294139764571207e-05
1.447462387074504e-05
1.617230775618209e-05
1.80263611658382e-05
2.002794273650846e-05
2.216761725119394e-05
2.443531623203829e-05
2.68204387541776e-05
2.931185791886247e-05
3.189805956669747e-05
3.456711449452126e-05
3.730670512338966e-05
4.010430119521128e-05
4.294714715405809e-05
4.582226453233829e-05
4.871669088924014e-05
5.161730862175205e-05
5.451101723583682e-05
5.738490296327565e-05
6.022603122556816e-05
6.30218217688097e-05
6.575980145547518e-05
6.842780708282943e-05
7.101415869188881e-05
7.350740585657037e-05
7.589664128468442e-05
7.817148017973183e-05
8.032194925910362e-05
8.233878981364764e-05
8.4213320604686e-05
8.593749136233404e-05
8.750390790646159e-05
8.890592719859974e-05
9.013775633589038e-05
9.119412641222374e-05
9.207067108897599e-05
9.276389272542859e-05
9.32709900974513e-05
9.358999431085362e-05
9.371981594958507e-05
9.366003701230896e-05
9.3411195732375e-05
9.297463529574828e-05
9.235232829962815e-05
9.154721207315766e-05
9.056292281208714e-05
8.940381400615581e-05
8.8075005119412e-05
8.658223112872796e-05
8.493197702091668e-05
8.313134741120632e-05
8.118797492739188e-05
7.911010945380108e-05
7.690659692161302e-05
7.458656984746578e-05
7.215973828439068e-05
6.963618493311996e-05
6.702632677652709e-05
6.434087479744455e-05
6.159080887631021e-05
5.878731188943876e-05
5.594169503611901e-05
5.306535819890712e-05
5.016983150076147e-05
4.726656809635923e-05
4.436705603085434e-05
4.148265887261754e-05
3.862450166657533e-05
3.580372352909767e-05
3.303106360517667e-05
3.031705052320535e-05
2.767189126158422e-05
2.510542416559559e-05
2.26270950948077e-05
2.024590418018381e-05
1.797039365639585e-05
1.580859635526983e-05
1.376802162274514e-05
1.185560924222384e-05
1.007771091611592e-05
8.440058410382668e-06
6.947805459718341e-06
5.605412977532642e-06
4.416693429943885e-06
3.38481703984402e-06
2.51225503086766e-06
1.800808950585003e-06
1.251590799260621e-06
8.650391324555325e-07
6.409087387892837e-07
5.782902233982764e-07
6.756128958416217e-07
9.306528940506899e-07
1.340558178943611e-06
1.901861911373561e-06
2.610488913794556e-06
3.461814374704999e-06
4.450642625578133e-06
5.571266848762007e-06
6.817476150114511e-06
8.182613857529236e-06
9.659577990437211e-06
1.124087739159599e-05
1.291863511129589e-05
1.468468400330526e-05
1.653053796124296e-05
1.844749133837575e-05
2.042657563746494e-05
2.245871832216973e-05
2.453463045214378e-05
2.664497814751014e-05
2.878040595166352e-05
3.093143291494528e-05
3.308871730617239e-05
3.524294421204737e-05
3.738488009959535e-05
3.950543009872544e-05
4.159568197078739e-05
4.364693744704285e-05
4.565076015485784e-05
4.759888803096032e-05
4.948354101141048e-05
5.129712328344883e-05
5.303244085411701e-05
5.468278837013364e-05
5.624165531587319e-05
5.770319483252162e-05
5.906191969872139e-05
6.031276933637772e-05
6.14512619248744e-05
6.247332661312004e-05
6.337547964077855e-05
6.415472127928907e-05
6.480857731395183e-05
6.533514006689497e-05
6.573301621223442e-05
6.600130412910584e-05
6.613970023378809e-05
6.614836982653348e-05
6.602807418002524e-05
6.577998128312977e-05
6.540584295561373e-05
6.490786771250113e-05
6.428875465957628e-05
6.355166558700785e-05
6.270008912823762e-05
6.173811079113837e-05
6.067009031241917e-05
5.950080517101813e-05
5.823538246436849e-05
5.687925597814135e-05
5.543815076243143e-05
5.391809880573572e-05
5.232536588844703e-05
5.066644541375449e-05
4.894793956090507e-05
4.717674002476935e-05
4.535973445780901e-05
4.350400024733937e-05
4.161660318846518e-05
3.970478154804893e-05
3.777560834794425e-05
3.583627025720985e-05
3.389382264232801e-05
3.195529381858462e-05
3.002761002334892e-05
2.811751663548134e-05
2.623162219814734e-05
2.437638749027008e-05
2.255801185099261e-05
2.078252202312171e-05
1.905564825050217e-05
1.738286769283271e-05
1.576936885761165e-05
1.422003703248586e-05
1.273942775519869e-05
1.133176952561529e-05
1.000093297859949e-05
8.750451627091533e-06
7.583449131147263e-06
6.502695094092463e-06
5.510609861758245e-06
4.609146666962692e-06
3.799937701117374e-06
3.084205969854149e-06
2.462762579035613e-06
1.936052204195574e-06
1.504125275376187e-06
1.166647871020915e-06
9.229212186449204e-07
7.718773410236737e-07
7.120836785077946e-07
7.417748619564369e-07
8.588465607653429e-07
1.060871331790266e-06
1.345113287528647e-06
1.708550531331512e-06
2.147885491039596e-06
2.659561737792814e-06
3.239783187999083e-06
3.884540248091639e-06
4.589606075834948e-06
5.350581270958702e-06
6.162903120438857e-06
7.021880530330393e-06
7.92267787351552e-06
8.860379483834804e-06
9.829990349490385e-06
1.0826454948072e-05
1.184467554388982e-05
1.287957876774391e-05
1.392602507742288e-05
1.497896377315484e-05
1.603340240086253e-05
1.708434730870002e-05
1.812695417612344e-05
1.915645485459768e-05
2.016819524931802e-05
2.115768073480099e-05
2.212058845522869e-05
2.305270868787737e-05
2.395007707677432e-05
2.480887812970175e-05
2.562556634575573e-05
2.639677553504345e-05
2.711937137107735e-05
2.779048567969544e-05
2.840750159386812e-05
2.896803603787687e-05
2.946997753376216e-05
2.991151988229757e-05
3.029109251949465e-05
3.060742784287263e-05
3.085948367676917e-05
3.104658322804084e-05
3.116824638867216e-05
3.1224288677602e-05
3.121488130381943e-05
3.114033761476602e-05
3.10013079209977e-05
3.079869039391663e-05
3.053362893495564e-05
3.020757754339104e-05
2.982209710544892e-05
2.937909400349471e-05
2.888060945825775e-05
2.832895420270447e-05
2.772663967215493e-05
2.707627369060166e-05
2.638074060196846e-05
2.564300518955768e-05
2.486623810878537e-05
2.405367339744918e-05
2.320873406581737e-05
2.233493068207476e-05
2.143579514274531e-05
2.051501579729394e-05
1.957629001194761e-05
1.862339863472931e-05
1.766009851174942e-05
1.669021067489644e-05
1.571753841718027e-05
1.474583724935049e-05
1.377889089917173e-05
1.282040806795709e-05
1.187403294379604e-05
1.094335694316564e-05
1.003188377072362e-05
9.143004414240573e-06
8.280045554903235e-06
7.446148288297658e-06
6.644384157849967e-06
5.877656179221754e-06
5.148723106505971e-06
4.460186088408574e-06
3.814459241236967e-06
3.213817689735332e-06
2.660328559609497e-06
2.155872797926469e-06
1.702138493325675e-06
1.300623272231982e-06
9.526163932640288e-07
6.59202299827695e-07
4.212499577885616e-07
2.394255024117568e-07
1.141845804897314e-07
4.576699052711233e-08
3.420311855505691e-08
7.931471135345049e-08
1.807161047844323e-07
3.378174179090778e-07
5.498231365270927e-07
8.157441638240166e-07
1.134399805956693e-06
1.504412832264381e-06
1.924245812263564e-06
2.392164875521214e-06
2.906273676315776e-06
3.464520714599364e-06
4.06469918930931e-06
4.704469689225813e-06
5.381337810650649e-06
6.092707922577492e-06
6.835848157742954e-06
7.607940788956577e-06
8.406066067424691e-06
9.22720541983099e-06
1.006829847530795e-05
1.092620865265358e-05
1.179773606735589e-05
1.267965539078318e-05
1.356873074077444e-05
1.446168213416814e-05
1.535524228078543e-05
1.624612683717207e-05
1.713112375918729e-05
1.800699880110549e-05
1.887058084365067e-05
1.971875417585889e-05
2.054845329900162e-05
2.135667996682584e-05
2.21405956831136e-05
2.28973420266365e-05
2.362425216200635e-05
2.431871025135095e-05
2.497827039041087e-05
2.560060872649532e-05
2.618352240363315e-05
2.672496374581668e-05
2.722305331242345e-05
2.767603941821636e-05
2.80823709218018e-05
2.844064156992838e-05
2.87496472795735e-05
2.9008360580694e-05
2.921592200142981e-05
2.937167102043785e-05
2.947514252842744e-05
2.952600734182199e-05
2.952426215104309e-05
2.94699556156627e-05
2.936340731500607e-05
2.920513155987341e-05
2.899577817496682e-05
2.873625201368297e-05
2.84276089951854e-05
2.807110867866525e-05
2.766814957903686e-05
2.722040002654151e-05
2.672956949184971e-05
2.619761864263229e-05
2.562666543089409e-05
2.501891891267083e-05
2.437679658929055e-05
2.37028386350644e-05
2.299967562906768e-05
2.22701235042781e-05
2.151701615249404e-05
2.074337011616934e-05
1.995225201297416e-05
1.914682582882322e-05
1.833029721353766e-05
1.750596802800012e-05
1.667713366386811e-05
1.584717748999332e-05
1.501946002463957e-05
1.419740145407957e-05
1.338435676706285e-05
1.25837398895131e-05
1.179887448868907e-05
1.103310342088293e-05
1.028966028343359e-05
9.571781125480638e-06
8.882562785110766e-06
8.225072316177323e-06
7.602238218150048e-06
7.016933586872374e-06
6.471852005123977e-06
5.969613153831011e-06
5.512642281591844e-06
5.103273190031855e-06
4.743634055500401e-06
4.43571981261353e-06
4.181333325296064e-06
3.982103160486311e-06
3.839460022436352e-06
3.75464826734486e-06
3.728697125408993e-06
3.762436734611652e-06
3.856503752329253e-06
4.011275114584676e-06
4.226951411703627e-06
4.503495821001516e-06
4.840655441499881e-06
5.237935335627417e-06
5.694644371820001e-06
6.209850858159513e-06
6.782413941583245e-06
7.410972352218014e-06
8.093946558873299e-06
8.829568308299114e-06
9.615805504616781e-06
1.045050855251727e-05
1.133125385719674e-05
1.225551466491483e-05
1.322051397255748e-05
1.422335452026779e-05
1.526092325321711e-05
1.633002397703324e-05
1.742728708922912e-05
1.85492274676075e-05
1.969219500332444e-05
2.085252044613775e-05
2.202636097987861e-05
2.320986323005167e-05
2.439905326391988e-05
2.558996718979262e-05
2.677853221465863e-05
2.796069374003066e-05
2.913242237610541e-05
3.028963688876314e-05
3.142832921702519e-05
3.254443013272681e-05
3.363409903953123e-05
3.469339792528949e-05
3.571856657183294e-05
3.67058789765035e-05
3.765176529307412e-05
3.855275905190439e-05
3.940555985561211e-05
4.020694935509046e-05
4.09539993813298e-05
4.164383972777213e-05
4.227384495843758e-05
4.284155948170634e-05
4.334475404397063e-05
4.378143737072585e-05
4.414982295424533e-05
4.444837521116432e-05
4.467577532266368e-05
4.483099824939461e-05
4.49132251587648e-05
4.492192571824776e-05
4.485685179615515e-05
4.471796966494212e-05
4.45055908863561e-05
4.422018092080832e-05
4.386260178291622e-05
4.343385268755134e-05
4.293534512752044e-05
4.236864671043888e-05
4.173557048964673e-05
4.10382483778984e-05
4.027903079894569e-05
3.94604652229391e-05
3.858541236798442e-05
3.765682432794903e-05
3.667798375947051e-05
3.565230706269414e-05
3.458342388474169e-05
3.34751065062208e-05
3.233133428236343e-05
3.115616649318775e-05
2.995380552055241e-05
2.872860847480803e-05
2.748502440791943e-05
2.622753006785291e-05
2.496073086543193e-05
2.368923014927907e-05
2.2417676255529e-05
2.115075305256654e-05
1.989307858016356e-05
1.864931809299968e-05
1.742404342167908e-05
1.622179000527626e-05
1.504699561314323e-05
1.390401724356957e-05
1.279708616910202e-05
1.173031204387586e-05
1.070766391711885e-05
9.732923850491914e-06
8.809721145844666e-06
7.94146363019115e-06
7.131377259561526e-06
6.382451144373041e-06
5.697434963408544e-06
5.078863241548956e-06
4.528994837123799e-06
4.049794636761048e-06
3.642984253283104e-06
3.310011701205878e-06
3.052005674480813e-06
2.869814851709542e-06
2.76398472057754e-06
2.734760716593036e-06
2.782084483789791e-06
2.905582600257868e-06
3.104593810220382e-06
3.378130163057695e-06
3.72492601786167e-06
4.143404059242307e-06
4.631705285110742e-06
5.187676226246545e-06
5.80890438068429e-06
6.49268107312219e-06
7.236064931579209e-06
8.035882034870989e-06
8.888685081671031e-06
9.79081502136773e-06
1.073843021839508e-05
1.172748339997424e-05
1.275373828589032e-05
1.381284381043421e-05
1.490025862229307e-05
1.601133442397869e-05
1.714133073167385e-05
1.828541254896226e-05
1.943866158751987e-05
2.059617922240761e-05
2.175295355118832e-05
2.290402571000902e-05
2.404446086364756e-05
2.516930742490266e-05
2.627371132810713e-05
2.735288976073893e-05
2.840216509471789e-05
2.941696074963633e-05
3.039283946095714e-05
3.13254944396553e-05
3.221089843467908e-05
3.304508588441731e-05
3.382435651872268e-05
3.454529012667795e-05
3.520455669564126e-05
3.579924099927387e-05
3.632662236761455e-05
3.678424586335124e-05
3.716997637173393e-05
3.748196884667708e-05
3.771870415982695e-05
3.787895560036669e-05
3.796181761055432e-05
3.796674300641797e-05
3.789347276445334e-05
3.774216505339125e-05
3.751318824147292e-05
3.720731955694921e-05
3.682569072986896e-05
3.636966687007605e-05
3.584104096566149e-05
3.524181150138873e-05
3.457441654888591e-05
3.384145205710951e-05
3.304592626554389e-05
3.219099964045078e-05
3.128022786708547e-05
3.031729284113827e-05
2.93061744738483e-05
2.825109308359941e-05
2.715641118127326e-05
2.602667161150228e-05
2.486663286177136e-05
2.368115659914705e-05
2.247525453986417e-05
2.125396266679931e-05
2.002251516521849e-05
1.878610271269729e-05
1.755000901355244e-05
1.631948297400473e-05
1.509981985291198e-05
1.389620775506486e-05
1.271383882925125e-05
1.155779081254747e-05
1.043305727911278e-05
9.34451446286103e-06
8.29686353179748e-06
7.294662205523759e-06
6.342275074381193e-06
5.443863148798865e-06
4.603350771807314e-06
3.824440210504169e-06
3.110543598603991e-06
2.464824042975122e-06
1.890141407863403e-06
1.389051735580601e-06
9.637968910476888e-07
6.162847525624627e-07
3.480965052617148e-07
1.604640673563993e-07
5.42637559315983e-08
3.001995090987159e-08
8.789579908836955e-08
2.276917633299975e-07
4.488464425659361e-07
7.50440025784973e-07
1.131186496144352e-06
1.589458689223528e-06
2.123268553949882e-06
2.730293265544103e-06
3.40788650143254e-06
4.153065403271783e-06
4.962551036040239e-06
5.832767588085389e-06
6.759853079252335e-06
7.739694637608064e-06
8.767914820895848e-06
9.839926021957599e-06
1.095092597720803e-05
1.209589968409875e-05
1.326973187904127e-05
1.446708095754309e-05
1.568255308036538e-05
1.691061933507248e-05
1.814570726016709e-05
1.938216842686725e-05
2.061434061199279e-05
2.183657916877314e-05
2.304324641636517e-05
2.422879232839183e-05
2.538771487437676e-05
2.65146338109289e-05
2.760427853336609e-05
2.865156788187541e-05
2.965158457155812e-05
3.0599580561614e-05
3.149109910535907e-05
3.232186004106516e-05
3.308787393102359e-05
3.3785435793834e-05
3.44111918852552e-05
3.496204011571267e-05
3.543522122899368e-05
3.582837126398674e-05
3.613945762293254e-05
3.636683554167177e-05
3.650922385918171e-05
3.656575839636939e-05
3.653597926621224e-05
3.641979882564098e-05
3.621755658089282e-05
3.592996766634452e-05
3.555823278263654e-05
3.510388406821027e-05
3.456883167625207e-05
3.395546171654915e-05
3.326652373341604e-05
3.250507437824569e-05
3.167458301195392e-05
3.077888644076941e-05
2.98221164292187e-05
2.880878172436308e-05
2.774361889477041e-05
2.663169609038479e-05
2.547830385493469e-05
2.42890570333275e-05
2.306965466318616e-05
2.182608639401342e-05
2.05644831611067e-05
1.929107120016056e-05
1.801227003761057e-05
1.673449621183546e-05
1.546429789739387e-05
1.42081876799194e-05
1.297271323902863e-05
1.176437872354594e-05
1.05896238906124e-05
9.454811172215044e-06
8.366170056101871e-06
7.329781281864756e-06
6.351572693236544e-06
5.437220076423476e-06
4.592217329970416e-06
3.821775216453531e-06
3.130833349399005e-06
2.524005693734816e-06
2.005593149708459e-06
1.579554650375838e-06
1.249444858714771e-06
1.018452752086633e-06
8.893561277709388e-07
8.645073006288061e-07
9.458223802165925e-07
1.134763077297539e-06
1.432343282830118e-06
1.839108245417492e-06
2.355116449769396e-06
2.979961116131228e-06
3.71275906347489e-06
4.552141752612118e-06
5.496260436257791e-06
6.542813669706519e-06
7.689004821609141e-06
8.931601308021589e-06
1.0266910440589e-05
1.169083358366557e-05
1.319880351117921e-05
1.478588449501957e-05
1.644675520198662e-05
1.81757261847584e-05
1.99667463869002e-05
2.181345915953597e-05
2.370923608644235e-05
2.564714128932879e-05
2.762001698903635e-05
2.962048812026674e-05
3.164100695624083e-05
3.367391882399452e-05
3.571135665190754e-05
3.774543119596655e-05
3.976819838255676e-05
4.177168017149446e-05
4.374796628134286e-05
4.568904854774077e-05
4.758725471812146e-05
4.943480265372746e-05
5.122412339888822e-05
5.29479306901692e-05
5.459907274112799e-05
5.617066411263004e-05
5.765609681952233e-05
5.904907111360793e-05
6.034363579287622e-05
6.15342646433415e-05
6.26157534251776e-05
6.358329913543089e-05
6.443262723542658e-05
6.515992422934057e-05
6.576177786464879e-05
6.623532211851878e-05
6.657824010253684e-05
6.678870705022087e-05
6.686546514506568e-05
6.680775103666656e-05
6.661545533736204e-05
6.628894458106832e-05
6.582917594770543e-05
6.523769961588892e-05
6.451659319154571e-05
6.366846230414867e-05
6.269649626508444e-05
6.160447242450811e-05
6.039657486940897e-05
5.907754132373533e-05
5.765266250335256e-05
5.612759984579955e-05
5.450850590391209e-05
5.280202462636645e-05
5.101508241047165e-05
4.915505805839389e-05
4.722962503475159e-05
4.524683752698568e-05
4.32149238745146e-05
4.114246402123841e-05
3.903818243543024e-05
3.691101574071097e-05
3.476998569024391e-05
3.262427730398763e-05
3.048307938554268e-05
2.835563763996069e-05
2.625116802297238e-05
2.417881948894212e-05
2.214768826862202e-05
2.016666998909466e-05
1.824450748381874e-05
1.638977451407847e-05
1.461073151065433e-05
1.291538676402697e-05
1.13114104418646e-05
9.806142215457927e-06
8.406501872546817e-06
7.118984402579146e-06
5.949667066453888e-06
4.904123236100483e-06
3.987414637323301e-06
3.204077361184477e-06
2.558121858531754e-06
2.052947930042058e-06
1.691393797311421e-06
1.475681098799391e-06
1.407428973699239e-06
1.487621272641188e-06
1.716608150930395e-06
2.094110991309452e-06
2.619205964909207e-06
3.290349094600708e-06
4.105337453402588e-06
5.061372962523068e-06
6.155009681387135e-06
7.382223664015284e-06
8.738379473043618e-06
1.021830376298135e-05
1.18162206495401e-05
1.352588127122077e-05
1.534049301042212e-05
1.725279896021079e-05
1.925510655381788e-05
2.133928501018074e-05
2.349681924489279e-05
2.571890649159197e-05
2.79963307736964e-05
3.03197042016104e-05
3.26793282466108e-05
3.506539466946883e-05
3.746783179500854e-05
3.987663127261761e-05
4.228148431751128e-05
4.467231677752492e-05
4.703890015559304e-05
4.937118595568424e-05
5.165911475596446e-05
5.389291288367464e-05
5.606298831669322e-05
5.815987953640611e-05
6.017449527160559e-05
6.209812935121279e-05
6.392232348903234e-05
6.563908728776651e-05
6.724084683595695e-05
6.872051323577896e-05
7.007148444938909e-05
7.128773513458856e-05
7.236379522176901e-05
7.329476463420516e-05
7.407630855786555e-05
7.470487232349738e-05
7.517736992054139e-05
7.549156430113377e-05
7.564578814023095e-05
7.563906851063733e-05
7.547116578812315e-05
7.514257989476648e-05
7.465441358817955e-05
7.400856739879073e-05
7.320751726154799e-05
7.225454505075333e-05
7.115353311090858e-05
6.990901315684073e-05
6.852624215537328e-05
6.701102067027712e-05
6.536975354888519e-05
6.360941429796804e-05
6.173756840562324e-05
5.976217818304125e-05
5.769184477278428e-05
5.553542789623471e-05
5.330236510775097e-05
5.100234538504452e-05
4.864535132854302e-05
4.624174015593296e-05
4.380204450678415e-05
4.133699633806986e-05
3.885749282768861e-05
3.637445795649755e-05
3.389892093726685e-05
3.144186029704228e-05
2.901426537543017e-05
2.662695334358603e-05
2.42906628107163e-05
2.201583132631551e-05
1.98127644998032e-05
1.769143027208034e-05
1.566141130812052e-05
1.373200615866411e-05
1.191199139693317e-05
1.020976768168244e-05
8.633180674641906e-06
7.18955216795688e-06
5.885649410465615e-06
4.727590551240166e-06
3.720911177805595e-06
2.870452569153829e-06
2.180392333526193e-06
1.654187479135072e-06
1.294584805980763e-06
1.103598091108934e-06
1.082479374222636e-06
1.231728667904586e-06
1.55110366245739e-06
2.039578994933318e-06
2.695381259973605e-06
3.515985473972232e-06
4.49811153441253e-06
5.637760643070757e-06
6.930207684509548e-06
8.370043661323463e-06
9.951168020429086e-06
1.166684266118804e-05
1.350971586561341e-05
1.54718275745479e-05
1.754467860893804e-05
1.971920957612436e-05
2.198592962954673e-05
2.433491829102715e-05
2.675583021321887e-05
2.923796226391377e-05
3.177031309692414e-05
3.434163510553007e-05
3.694051582639931e-05
3.955533911868333e-05
4.217437859287846e-05
4.478591041529433e-05
4.737817121767949e-05
4.993949439662436e-05
5.245830386588538e-05
5.492319726658839e-05
5.732295111562801e-05
5.964670791390631e-05
6.18838200494781e-05
6.402405983688247e-05
6.605757378297723e-05
6.797507927530878e-05
6.976767547357497e-05
7.142709651485988e-05
7.294560020687606e-05
7.431610407859303e-05
7.553220294692883e-05
7.65881319200836e-05
7.747889886697538e-05
7.820023941663406e-05
7.874862671502735e-05
7.912135626823112e-05
7.931652493568265e-05
7.933296600287839e-05
7.917046091431125e-05
7.882954558459782e-05
7.831154539902598e-05
7.761869001362388e-05
7.67539789268194e-05
7.572117124699337e-05
7.452492651993497e-05
7.317055224358069e-05
7.166423770884271e-05
7.001271372452157e-05
6.82236509282108e-05
6.630513315384839e-05
6.426600379273521e-05
6.211573021614758e-05
5.986424843257247e-05
5.752202011808197e-05
5.510002152848611e-05
5.260948642252824e-05
5.006219105143481e-05
4.747010791812701e-05
4.484553114520826e-05
4.220087460342588e-05
3.954875320587181e-05
3.690185235406587e-05
3.4272867433299e-05
3.167446501191958e-05
2.911922202679771e-05
2.66196154299981e-05
2.41878094376774e-05
2.183580883712462e-05
1.957522060608623e-05
1.741734722597958e-05
1.537297761138701e-05
1.345250869480714e-05
1.166574168412546e-05
1.002193483500191e-05
8.529703900855954e-06
7.197013035687136e-06
6.031118491379697e-06
5.038543687390524e-06
4.225019066117507e-06
3.595491833531579e-06
3.154084022735292e-06
2.904036345578599e-06
2.847750068800169e-06
2.986732758934091e-06
3.321611383933981e-06
3.852082048151073e-06
4.57696220390072e-06
5.494151486760173e-06
6.600683810516864e-06
7.89268269234409e-06
9.365419065249571e-06
1.101327527187257e-05
1.282986470943215e-05
1.480794397290814e-05
1.693954643903641e-05
1.921592182440116e-05
2.162765155355742e-05
2.416464113042426e-05
2.681620611095821e-05
2.957102649343251e-05
3.241736244617667e-05
3.534293793022424e-05
3.833509412623664e-05
4.138080549147648e-05
4.446677737501826e-05
4.757947200598654e-05
5.07051683920962e-05
5.3830029852592e-05
5.694022399711684e-05
6.002187247252712e-05
6.306125349328837e-05
6.604473752165777e-05
6.895889765065015e-05
7.179062224939498e-05
7.452719685138299e-05
7.715611357128805e-05
7.966554278348978e-05
8.204399809674206e-05
8.428069511688858e-05
8.636534779005133e-05
8.828847345577492e-05
9.004119830563939e-05
9.161535810990535e-05
9.300381158265184e-05
9.420004289722687e-05
9.519849066243415e-05
9.599444807138379e-05
9.658423900142637e-05
9.696500151985113e-05
9.713482541472223e-05
9.709291009427094e-05
9.683925725419338e-05
9.63749838690043e-05
9.570203156844005e-05
9.482342033035052e-05
9.374311843989033e-05
9.246595078423282e-05
9.099764771178594e-05
8.934498163744016e-05
8.751531657752241e-05
8.551703658493934e-05
8.335923265946923e-05
8.105175330719007e-05
7.860503843774724e-05
7.603023364538801e-05
7.333912432974013e-05
7.054382777161915e-05
6.76570751868951e-05
6.469193592375321e-05
6.166180109045236e-05
5.858036338126046e-05
5.546144121038533e-05
5.231896590344753e-05
4.916697977580555e-05
4.601943639212645e-05
4.289021704322001e-05
3.979296550310574e-05
3.674113591894565e-05
3.374784787141347e-05
3.082581052117526e-05
2.798726591576108e-05
2.524390149219402e-05
2.260685270622275e-05
2.008654523612604e-05
1.769270203156448e-05
1.54342447503559e-05
1.331926770403141e-05
1.135498224448005e-05
9.547666525904419e-06
7.902593535391232e-06
6.424063769324056e-06
5.1153349418739e-06
3.978554132134831e-06
3.014826058160163e-06
2.224135363687889e-06
1.605352698310065e-06
1.156241222472939e-06
8.734544540858959e-07
7.525499413457582e-07
7.880067740305259e-07
9.732434525601625e-07
1.300649934158929e-06
1.761649298646953e-06
2.346698263099044e-06
3.045375908704614e-06
3.846428882903232e-06
4.737846844964407e-06
5.706898911386848e-06
6.740264361396305e-06
7.824081196958387e-06
8.944054670199091e-06
1.008552508936688e-05
1.123365735458964e-05
1.237341617815249e-05
1.34897930460794e-05
1.456789925014739e-05
1.5593048564717e-05
1.655095105175196e-05
1.742784066846826e-05
1.821051490637164e-05
1.888667603310577e-05
1.944485413179121e-05
1.987476275144789e-05
2.016730772990025e-05
2.031480445611507e-05
2.031117958421359e-05
2.015203100050485e-05
1.983492132833078e-05
1.935943438102159e-05
1.87274242309908e-05
1.794313476493918e-05
1.701341096584038e-05
1.594784958239201e-05
1.475899809009851e-05
1.346249558056219e-05
1.207727397888037e-05
1.062574879168182e-05
9.133967111510328e-06
7.631774549885674e-06
6.153066498929882e-06
4.735858771178717e-06
3.422571685561852e-06
2.260115585584533e-06
1.300137716622959e-06
5.991685564565928e-07
2.188059119365828e-07
2.25895660261196e-07
6.927131167436888e-07
1.697149890715992e-06
3.322875153402817e-06
5.659558305260052e-06
8.80301929433765e-06
1.285542735596051e-05
1.79255348977867e-05
2.412878404492571e-05
3.158758779060524e-05
4.043153069460687e-05
5.079749762971964e-05
6.283002125589625e-05
7.668133616100553e-05
9.251179862327412e-05
0.0001104899669549663
0.0001307929167882081
0.0001536065308735304
0.0001791256138125895
0.0002075545643931642
0.0002391070967824268
0.0002740069603949092
0.0003124881905335058
0.0003547952324513422
0.0004011838357192957
0.0004519207243796634
0.0005072844896687977
0.0005675657160198911
0.0006330680106907125
0.0007041074696847245
0.0007810139627408086
0.0008641317117468324
0.0009538190046460922
0.001050449939053162
0.001154413874497632
0.001266117188440682
0.001385982937179905
0.001514452351664992
0.001651985401720006
0.001799061373420383
0.001956179808411531
0.002123861681778102
0.002302650190926251
0.00249311155754339
0.002695836386704825
0.002911440311677928
0.003140566236992871
0.003383884076819748
0.003642093398257704
0.003915923785661974
0.00420613723762397
0.004513528615187035
0.00483892740229879
0.005183200905001776
0.005547253422865221
0.005932030674449736
0.006338519630359122
0.00676775174277046
0.007220804137196795
0.007698803097497483
0.008202924834974621
0.008734398897278893
0.009294510088025404
0.009884602219627545
0.01050607864943168
0.01116040757496921
0.0118491232891081
0.01257382978600609
0.01333620475937754
0.01413800049085546
0.0149810516359357
0.0158672734539438
0.0167986704803476
0.01777733814951259
0.01880546519082198
0.01988534238065813
0.02101936197327313
0.02221002679734058
0.0234599506106933
0.02477186689120496
0.02614863071073105
0.02759322708325272
0.02910877376088699
0.0306985273880983
0.03236589151852781
0.03411441910539075
0.03594782230007269
0.03786997527197307
0.03988492495850452
0.04199689487386097
0.04421029149183271
0.04652971486359415
0.0489599640144469
0.05150604503057181
0.05417317802800316
0.05696680571865075
0.05989260607446324
0.06295649426922253
0.06616463225882982
0.06952344431306641
0.07303962051235567
0.0767201278142194
0.08057221853335132
0.08460344437412384
0.08882166208987173
0.09323504783836128
0.09785210294470451
0.1026816715388158
0.1077329425839576
0.1130154726085606
0.1185391860135346
0.1243143962156043
0.1303518081415279
0.1366625417856637
0.1432581337501769
0.1501505555538675
0.1573522250371557
0.1648760181038585
0.1727352865092974
0.1809438568646225
0.1895160704506448
0.198466760543834
0.2078113004945392
0.2175655945783682
0.2277461039353644
0.2383698501778107
0.2494544312988502
0.2610180468796796
0.2730794965164622
0.2856581973969963
0.2987742063028476
0.3124482225171696
0.3267016025770074
0.3415563831924606
0.3570352785925776
0.3731617092737904
0.389959800219953
0.4074544068830951
0.4256711165557925
0.4446362672624615
0.4643769539631242
0.4849210447905523
0.506297185607346
0.5285348196862232
0.5516641846091976
0.5757163357605478
0.600723150273503
0.6267173224888415
0.6537323987592936
0.6818027582517135
0.7109636283937173
0.741251106352225
0.772702134095039
0.8053545280061268
0.8392469711707135
0.8744190184674919
0.9109110944519917
0.948764499820301
0.9880214115142801
1.02872487403842
1.070918805741409
1.114647980015494
1.159958053650341
1.206895521402898
1.25550773136836
1.30584288330137
1.357949981549727
1.411878892468149
1.467680255440592
1.525405522153099
1.585106915393228
1.646837437872502
1.71065081463281
1.776601528125729
1.844744733234805
1.915136294110963
1.987832713025209
2.062891145084823
2.140369332279716
2.220325608884616
2.302818857829656
2.387908458249381
2.475654273085955
2.566116624116946
2.659356217479195
2.755434136588117
2.854411800211085
2.95635088315906
3.061313319678254
3.169361234006625
3.280556877422104
3.394962605410544
3.512640821440854
3.633653894385712
3.758064148055299
3.885933760960082
4.017324751914347
4.152298885832003
4.290917611132674
4.433242030090486
4.579332796538503
4.729250060832358
4.883053435906525
5.040801848338216
5.202553560413172
5.36836603692243
5.538295893794515
5.71239880495027
5.890729474055759
6.073341498764038
6.260287321369512
6.451618151502426
6.647383892461191
6.847633035191822
7.052412610119728
7.261768062219807
7.475743226281896
7.694380187393369
7.917719254297598
8.145798806338096
8.378655271089951
8.616323016762093
8.858834253498895
9.10621900186413
9.358504938413192
9.61571734590005
9.877879076695098
10.14501036129568
10.41712885194131
10.69424946484724
10.97638427916563
11.26354255282494
11.55573057253967
11.8529515640431
12.15520568584943
12.4624899121798
12.77479794776954
13.09212019973126
13.4144436709305
13.74175191582368
14.07402495736777
14.41123925386491
14.75336763453042
15.10037920984526
15.4522393480038
15.80890962224165
16.17034770917462
16.5365074678138
16.907338765398
17.28278746578183
17.66279548917642
18.04730064854087
18.43623668057583
18.82953323324188
19.22711585812599
19.62890585679942
20.03482050496542
20.44477280379105
20.85867160516286
21.27642161500083
21.69792328912005
22.12307296004795
22.55176278157369
22.9838807389663
23.41931072799471
23.85793247260587
24.29962166318161
24.7442499193692
25.19168485503851
25.64179009530864
26.09442531647363
26.54944638993172
27.00670531122339
27.46605031474495
27.92732594979273
28.39037311719913
28.85502917052224
29.32112801029156
29.78850008568048
30.25697257051776
30.7263694125104
31.19651144895743
31.66721648075259
32.13829939904419
32.60957225034751
33.08084443479962
33.55192277646808
34.02261155979747
34.49271283406209
34.96202639093988
35.43034996561284
35.89747931630454
36.36320850049663
36.82732978958126
37.28963407970267
37.74991079129797
38.20794819269384
38.66353353860249
39.11645311438618
39.5664924964262
40.01343671479489
40.45707036693889
40.89717776101799
41.33354328672208
41.76595126637953
42.19418636393409
42.61803365391025
43.03727889156688
43.45170851858704
43.86111005313899
44.26527209097799
44.66398452415517
45.05703884567205
45.44422810372566
45.82534725687
46.20019325775338
46.56856529084783
46.93026489377733
47.28509616474562
47.63286589959459
47.9733838343544
48.30646268134384
48.63191843199926
48.94957049021419
49.25924175240037
49.56075887637572
49.85395237925817
50.13865679201235
50.41471082517939
50.68195754613335
50.94024438604086
51.18942355017596
51.42935186641705
51.65989109997957
51.88090801016143
52.09227449590447
52.29386769014015
52.48557016708083
52.66726985036948
52.83886042388487
53.00024113394052
53.1513170776886
53.29199919036947
53.42220441460595
53.54185569527461
53.65088207965863
53.74921889118802
53.83680760573278
53.91359603153155
53.97953834654741
54.03459510145525
54.07873336603397
54.11192653415853
54.13415467276779
54.14540421507844
54.14566818912988
54.13494619756708
54.11324431001139
54.08057518010265
54.03695798762958
53.98241839683305
53.9169885069606
53.84070697984716
53.75361882429268
53.65577542840939
53.54723449762427
53.42806005190923
53.2983222531467
53.1580974546844
53.00746803443102
52.84652244562212
52.67535501674153
52.49406581475623
52.30276074645348
52.10155127577308
51.89055440193115
51.66989259804478
51.43969354760521
51.20009010255367
50.95122026337086
50.69322693375505
50.42625766848303
50.15046485392757
49.86600534809041
49.57304033951758
49.27173523908176
48.96225955436338
48.64478667683282
48.31949380569739
47.98656171719416
47.64617460022707
47.29851994907709
46.94378831049864
46.58217320969537
46.21387093729884
45.83908032639114
45.45800264188856
45.07084142238624
44.67780222911176
44.27909250702264
43.8749214137732
43.46549966767015
43.0510392435123
42.6317534085405
42.2078563362528
41.77956302994733
41.34708919052699
40.91065087205079
40.47046452242061
40.02674662608324
39.57971367959468
39.12958187222429
38.67656704578316
38.22088447614931
37.76274867956206
37.30237332069767
36.83997098831715
36.37575305372897
35.9099295202152
35.44270896520889
34.97429815291084
34.50490215136586
34.03472401502319
33.5639648213477
33.0928232786925
32.62149585031637
32.15017646948341
31.67905647488193
31.2083244966886
30.73816634442925
30.26876483802168
29.8002997865263
29.33294784401819
28.86688239644758
28.40227348066577
27.93928772708391
27.47808824373934
27.01883455422583
26.56168248590405
26.10678417868365
25.65428792206583
25.2043381760535
24.75707546853485
24.31263636701539
23.87115342749308
23.43275512802003
22.9975659316709
22.56570610524972
22.1372917852297
21.71243494618084
21.29124334152116
20.8738205808468
20.46026601029657
20.05067477603988
19.64513783777767
19.24374185512507
18.84656938156505
18.45369871096965
18.06520400587446
17.68115520736979
17.30161818844687
16.92665464961382
16.5563222865504
16.19067469882626
15.82976151347483
15.47362836795329
15.12231701961696
14.77586528476337
14.43430725339199
14.09767316867253
13.76598961110672
13.43927947647641
13.11756210167136
12.80085326192441
12.48916528236336
12.18250711630487
11.88088435034475
11.58429932465356
11.29275124167076
11.00623616143974
10.72474712858823
10.44827421072154
10.17680462124442
9.910322785622533
9.648810440209305
9.392246611030879
9.140607876496468
8.893868286258545
8.651999527350567
8.414970989123672
8.18274985036137
7.955301171699582
7.732587949269384
7.514571244565633
7.301210240180056
7.092462306992907
6.88828314858461
6.688626807654008
6.493445801810473
6.302691208790244
6.116312713829697
5.934258710286304
5.7564763654494
5.582911731773898
5.413509795341692
5.248214544315253
5.086969095477555
4.929715712163567
4.776395882217598
4.626950457282389
4.481319621891158
4.339443054167851
4.201259921151768
4.066709000741806
3.935728728106211
3.808257203385822
3.684232374365837
3.56359196593299
3.446273637535783
3.332214971009391
3.221353573270186
3.113627079693133
3.008973275549157
2.907330069857887
2.808635590629663
2.712828209062742
2.619846611251085
2.529629801004921
2.442117168488639
2.357248516274667
2.274964104344106
2.195204685406325
2.117911524527451
2.043026446221882
1.970491864345466
1.900250801023875
1.832246909494236
1.766424516982691
1.702728649018804
1.641105020777855
1.581500084774079
1.523861045745979
1.468135882253102
1.414273337516154
1.362222962216619
1.311935123873203
1.263360995046686
1.21645259277665
1.171162774021173
1.127445236225902
1.085254541205688
1.044546116164216
1.005276239148269
0.9674020592106739
0.9308816109129291
0.8956737809820067
0.861738342082217
0.8290359296578772
0.7975280529741232
0.7671770839240301
0.7379462579101187
0.7097996683095693
0.682702266875803
0.6566198532609822
0.6315190570545135
0.60736735628494
0.5841330428240261
0.5617852431053488
0.5402938764018024
0.5196296732010258
0.4997641490493565
0.4806696086343316
0.4623191153376633
0.4446864954562499
0.4277463272407344
0.4114739191666215
0.3958453083339034
0.3808372407857488
0.3664271627808417
0.3525932115641652
0.3393141939632699
0.3265695809474582
0.3143394952011707
0.3026046855397925
0.2913465331282797
0.28054702518382
0.2701887421777709
0.2602548524227553
0.2507290915178553
0.2415957512642892
0.2328396666531039
0.2244462055696533
0.2164012456881317
0.208691183675803
0.2013028907383594
0.194223728829699
0.1874415197549089
0.180944544724508
0.1747215196520576
0.1687615967409462
0.1630543425087119
0.1575897256983582
0.1523581155166122
0.1473502601510745
0.142557280496206
0.1379706565951023
0.133582219972343
0.1293841398509731
0.1253689150964447
0.1215293617199283
0.1178586064191103
0.1143500731047229
0.1109974771354095
0.1077948096552805
0.1047363383494888
0.1018165895184287
0.09903034604364869
0.09637263463374889
0.09383871963394692
0.09142409311358725
0.08912447057129723
0.08693578289241609
0.08485416585850064
0.08287595581313628
0.08099768274071434
0.07921606167170189
0.07752799056725872
0.07593053890995925
0.07442094585824527
0.07299661016707264
0.071655088899357
0.07039408966394908
0.06921146613082506
0.06810521357264869
0.06707346317805586
0.06611447136457738
0.06522663142574411
0.06440844836913751
0.06365855225825656
0.0629756843454964
0.06235869478785182
0.06180653977451614
0.06131827853038881
0.06089306859143199
0.06053016163747078
0.06022890220010023
0.05998872372348235
0.05980914274091695
0.05968975993437724
0.05963025647974845
0.05963038669649277
0.05968998291070618
0.05980894612832266
0.05998724571677137
0.06022491927917218
0.0605220669576978
0.06087884832389735
0.06129548686389946
0.06177225874594384
0.06230949630651333
0.0629075847665746
0.06356695950200608
0.06428810398890575
0.06507154966665668
0.06591786918034159
0.06682768377446069
0.0678016494165915
0.0688404637067548
0.06994486352898649
0.07111561734639289
0.07235352754307273
0.07365943370684441
0.07503419892938183
0.07647871757460115
0.07799391288659473
0.07958073069717915
0.08124014140288732
0.08297313800062177
0.08478073214554423
0.08666395642784359
0.0886238598537919
0.09066150490008505
0.0927779749813733
0.0949743553696995
0.09725175466036214
0.09961128073402971
0.1020540574992895
0.1045812091434102
0.107193868898906
0.1098931730120224
0.1126802599660865
0.1155562673988418
0.1185223358463349
0.1215796011042312
0.1247291954090775
0.1279722486873522
0.1313098834209162
0.1347432158247243
0.1382733513418491
0.1419013886497328
0.1456284109868235
0.1494554929378495
0.1533836956722351
0.1574140641428273
0.1615476246480021
0.165785394409578
0.1701283619116297
0.1745775061671493
0.1791337810424175
0.1837981196762313
0.1885714337277931
0.1934546105584746
0.1984485170067528
0.2035539906170715
0.2087718462711067
0.2141028695629531
0.2195478224576068
0.2251074355490652
0.2307824142712257
0.2365734317140755
0.2424811313850251
0.2485061284220421
0.2546490068278341
0.2609103158158428
0.2672905762095357
0.273790274206528
0.280409864301244
0.2871497686483609
0.2940103747587552
0.3009920370893157
0.3080950715148204
0.3153197699057872
0.3226663810466119
0.330135123052375
0.337726172260824
0.3454396840557507
0.3532757647874985
0.3612344957199423
0.3693159150126536
0.3775200330018968
0.385846817299258
0.3942962053197593
0.4028681046077626
0.4115623758360815
0.4203788483964379
0.4293173218264525
0.4383775575112888
0.4475592767850213
0.4568621764803667
0.4662859062089166
0.475830091737114
0.4854943138697078
0.4952781275554983
0.5051810463643521
0.5152025538771785
0.5253420900634792
0.5355990703122905
0.5459728648910706
0.5564628200271867
0.5670682353436861
0.5777883802332828
0.5886224892879679
0.5995697561786457
0.6106293426897798
0.6218003767572013
0.6330819415434737
0.6444730903348884
0.6559728289281793
0.6675801399263438
0.6792939527421346
0.6911131715981647
0.703036649704066
0.715063206350856
0.7271916195075241
0.7394206269820693
0.7517489224206438
0.7641751528758652
0.7766979408149695
0.7893158389401204
0.8020273725191367
0.8148310235689593
0.8277252099585095
0.8407083249915484
0.8537786963090922
0.8669346104669178
0.8801743092392373
0.8934959708718591
0.9068977334006831
0.9203776803261898
0.9339338337909679
0.9475641750512406
0.9612666223642939
0.9750390299820011
0.988879213114234
1.002784919893385
1.016753838592725
1.030783592945415
1.044871760506956
1.059015848723213
1.073213295072684
1.087461494118708
1.101757759229082
1.116099351001077
1.130483455313944
1.14490720068966
1.159367652110381
1.173861796375154
1.188386571540743
1.20293882985292
1.217515367618506
1.232112918722238
1.246728133254412
1.261357620210053
1.275997890087999
1.290645413299829
1.305296577921465
1.31994772000597
1.334595097283553
1.349234904651441
1.363863288160257
1.378476305894003
1.393069976120819
1.407640246837944
1.422182998616377
1.436694078956347
1.451169240789036
1.465604216550541
1.479994658968844
1.494336192383785
1.508624374998992
1.522854712731154
1.537022685774449
1.551123711210824
1.565153177447334
1.579106418498543
1.59297875767692
1.606765462944511
1.620461779923932
1.634062927453637
1.647564096097981
1.660960459801458
1.674247165373347
1.687419359255081
1.700472159178327
1.71340069819112
1.726200072293474
1.738865407671103
1.751391819911622
1.763774430966832
1.77600837147814
1.788088807213309
1.800010885623108
1.811769806250036
1.823360784923243
1.834779070441771
1.846019945192547
1.857078727850714
1.867950782197451
1.878631523883961
1.889116407380963
1.899400953513412
1.909480744506872
1.919351415210059
1.929008675111326
1.93844829911197
1.947666146659835
1.956658148076666
1.965420326864303
1.973948775105595
1.982239692530215
1.990289377662736
1.998094201769796
2.005650657069642
2.012955339211366
2.020004941988117
2.026796280818343
2.033326278077303
2.039591978274204
2.045590539529385
2.051319248942656
2.056775506994948
2.061956861730165
2.066860969165875
2.071485632054613
2.075828779635757
2.079888482596907
2.083662938468207
2.087150494760801
2.090349633179905
2.093258967074959
2.095877285516683
2.098203478540166
2.100236612454569
2.10197587537711
2.103420616627659
2.104570325145855
2.105424635883568
2.105983322014123
2.106246313767414
2.106213671514463
2.105885624545264
2.105262507421886
2.104344839815571
2.103133241739975
2.101628510967363
2.099831552831542
2.097743429991944
2.095365338575483
2.09269859737245
2.08974467708472
2.086505151092086
2.082981754646009
2.079176325241259
2.075090821605104
2.0707273427157
2.066088096563434
2.061175407175954
2.055991712667424
2.05053956171614
2.044821609746761
2.038840613681582
2.032599445457584
2.026101067504798
2.019348527387659
2.012344991559771
2.005093685919985
1.997597941523163
1.989861170770217
1.981886856394885
1.97367856474489
1.965239930906729
1.956574669996027
1.947686542274666
1.938579390995142
1.929257106093982
1.919723641479143
1.909982998896031
1.900039226756818
1.889896427719921
1.87955873946026
1.869030344750044
1.858315455951167
1.847418322730105
1.836343226516665
1.825094473850658
1.8136763943939
1.80209333391129
1.790349669545445
1.778449784718856
1.76639806694654
1.754198938479467
1.741856798371233
1.729376075311964
1.716761183904233
1.704016542823841
1.691146568978677
1.678155686652658
1.665048285278412
1.651828768096315
1.638501520581314
1.625070912989037
1.611541294878726
1.597917020462384
1.584202390588335
1.570401717956797
1.556519282391496
1.542559328919355
1.528526084928254
1.514423761220193
1.500256529270637
1.486028535411671
1.471743893735358
1.457406690857735
1.443020971010087
1.428590766551331
1.414120045927262
1.399612766395186
1.385072843042617
1.370504137664179
1.355910509842958
1.341295739895444
1.326663599250404
1.312017807034498
1.297362037749813
1.282699940204001
1.268035105124117
1.253371093953351
1.238711424382253
1.2240595609111
1.209418936933695
1.194792937723707
1.180184898098045
1.165598129465582
1.151035867827926
1.136501338542692
1.121997689495494
1.107528045327512
1.09309548476265
1.07870301988243
1.064353639649117
1.050050271488168
1.035795805057291
1.02159307431153
1.007444879215944
0.9933539615201871
0.9793230094160523
0.9653546792438488
0.9514515672845284
0.9376162257338289
0.9238511547695519
0.9101588075475959
0.8965415862438332
0.8830018387754515
0.8695418808626992
0.856163951263009
0.8428702579673321
0.8296629505078795
0.8165441255241496
0.8035158330789827
0.7905800686416156
0.7777387719748173
0.7649938361185921
0.7523470969815945
0.7398003376278427
0.7273552928542587
0.7150136351380837
0.7027769888981166
0.6906469278729309
0.6786249584977452
0.6667125422310709
0.6549110837320702
0.6432219348317026
0.6316463881395729
0.6201856759972741
0.6088409880851128
0.5976134450807707
0.5865041216881237
0.5755140274662403
0.5646441230218944
0.5538953077424082
0.5432684260138505
0.5327642694236447
0.522383563911845
0.5121269955009422
0.5019951730129215
0.4919886700144457
0.4821079838685873
0.4723535784664755
0.4627258390553891
0.453225112468442
0.4438516849954017
0.4346057839928761
0.4254875902948706
0.416497224480087
0.4076347593542309
0.3989002077708757
0.3902935380431382
0.3818146567467424
0.373463429470024
0.3652396608875228
0.3571431149791986
0.3491734987917556
0.3413304774903022
0.3336136605929576
0.3260226182636862
0.3185568672605522
0.3112158824459093
0.3039990949460505
0.296905890107118
0.2899356113270862
0.2830875610334317
0.2763610003332271
0.2697551508159534
0.2632691922327604
0.2569022756900377
0.2506535064363119
0.2445219582785521
0.23850666975
0.2326066535144677
0.2268208755125819
0.2211482881647049
0.215587804982895
0.2101383104521271
0.204798666602669
0.1995677098673518
0.1944442480671833
0.1894270719080067
0.1845149481229341
0.1797066159612229
0.1750008065435849
0.1703962279215331
0.1658915725311477
0.1614855151569899
0.1571767185226932
0.1529638307182653
0.1488454931171361
0.144820328780399
0.1408869595741598
0.1370439935022016
0.133290034693008
0.1296236789260269
0.1260435222913021
0.1225481538766908
0.1191361602801778
0.1158061281981209
0.1125566454500179
0.1093862988618604
0.1062936759361165
0.1032773715097747
0.1003359810506292
0.09746810316093205
0.09467234821075811
0.0919473269424758
0.08929166246423696
0.08670398221566666
0.08418292445222521
0.08172713826873886
0.07933528229843331
0.07700602449617229
0.07473804841543912
0.07253004898417585
0.07038073098950888
0.06828881851999954
0.06625304407469076
0.06427215923001559
0.06234492889277717
0.06047013383108828
0.05864657096911433
0.05687305356856068
0.05514840985169509
0.05347148871678469
0.05184115371720667
0.05025628700116178
0.04871578831485752
0.04721857380392738
0.04576357960038633
0.04434976217380183
0.04297609063960272
0.04164155802915964
0.04034517311272783
0.03908596482334647
0.0378629786092753
0.03667528151724224
0.03552195599766287
0.03440210588540015
0.0333148520718408
0.03225933340763403
0.0312347088528075
0.03024015350225851
0.02927486266566275
0.02833804713028674
0.02742893732924934
0.0265467814097769
0.02569084348766327
0.02486040531734529
0.0240547668577405
0.02327324351717903
0.02251516867983387
0.02177988957125544
0.0210667718725308
0.02037519654722479
0.01970455885590989
0.01905427060038795
0.01842375932785845
0.01781246480746502
0.01721984302945566
0.01664536520941777
0.01608851445302242
0.01554878818215403
0.01502569702254642
0.01451876534704612
0.014027530235136
0.01355154016654734
0.01309035699637248
0.01264355433259222
0.01221071702721601
0.01179144122663975
0.01138533481534122
0.01099201619627123
0.01061111491904216
0.01024226909164094
0.009885128734751702
0.009539352865292696
0.009204610234624983
0.008880578315146156
0.008566944467442975
0.00826340415630839
0.007969661409362826
0.007685429466545843
0.007410428490610816
0.00714438699670474
0.006887040954799014
0.006638135081679581
0.006397418998884721
0.006164651215320881
0.005939595975744558
0.005722024931861147
0.00551171554993729
0.00530845231449549
0.005112024772348395
0.004922229279777728
0.004738867387844816
0.00456174655208865
0.004390679134249227
0.004225483211718136
0.004065982572709639
0.003912004216316352
0.003763381439716898
0.00361995189147424
0.003481557202794449
0.003348044363855666
0.00321926367708402
0.003095070064808538
0.002975322612674769
0.002859883998598887
0.002748621062561859
0.002641404172382027
0.002538107162113222
0.002438607480136946
0.002342786021237305
0.002250526691559705
0.002161717251055958
0.002076247741957727
0.001994011991254038
0.001914906078739313
0.00183882927119459
0.001765683812481164
0.001695374142573352
0.001627807903340672
0.001562894664686147
0.001500546978260085
0.001440679676579362
0.001383209725881963
0.001328056470558514
0.001275141573644182
0.001224388833106006
0.001175724068355311
0.001129075068495865
0.001084371586101671
0.001041545785136272
0.001000531042265717
0.0009612631036617958
0.0009236789421644501
0.0008877177300305834
0.0008533204045061216
0.0008204290529224924
0.0007889876605160612
0.0007589419616219169
0.0007302389760331968
0.0007028272365200229
0.000676656864630095
0.000651679279776929
0.0006278474320515878
0.0006051154157559761
0.0005834389466450527
0.0005627748868848696
0.0005430814230747755
0.0005243179688585397
0.0005064451280191501
0.0004894248180226092
0.0004732201169416263
0.0004577952519752878
0.0004431156026910518
0.0004291475647959822
0.0004158587300396036
0.0004032179430316117
0.0003911948444939332
0.0003797602931228694
0.000368886221516149
0.0003585454126232812
0.0003487117590282462
0.0003393602323478579
0.000330466674831842
0.00032200792636729
0.0003139619205918985
0.0003063073162855684
0.0002990238511707498
0.0002920921531593413
0.0002854938243516681
0.0002792111843696836
0.0002732277197074472
0.0002675276058484603
0.0002620958734601675
0.0002569186361897461
0.0002519826065168658
0.0002472753935588432
0.0002427854009450924
0.0002385021218190833
0.0002344154771521963
0.000230516399994278
0.0002267965120261732
0.0002232482617353189
0.000219864706424251
0.0002166397102133396
0.0002135680549358526
0.00021064491177505
0.0002078662582432641
0.0002052288665817622
0.0002027298818012746
0.0002003674597171538
0.000198140041592411
0.000196046833946184
0.0001940874813257214
0.0001922624729100832
0.0001905724292943529
0.0001890188665532572
0.0001876035586653751
0.0001863287951378351
0.0001851973435987017
0.0001842124060638057
0.0001833775654851641
0.0001826966317011543
0.0001821740397119909
0.0001818143651360591
0.0001816224631992112
0.000181603470602607
0.0001817628589837092
0.0001821061940963544
0.0001826392158949548
0.0001833679945590236
0.0001842984655219509
0.0001854368731332263
0.0001867894187696747
0.0001883623254568272
0.0001901619289378239
0.0001921943560285798
0.0001944660464468546
0.00019698293943717
0.0001997511136045484
0.0002027764746797573
0.0002060647431901449
0.0002096214917374423
0.0002134520291052815
0.0002175615631628799
0.0002219547666084689
0.0002266363948757004
0.0002316105061437943
0.0002368811091991787
0.0002424518410188637
0.0002483258357051807
0.0002545058786161048
0.0002609944127852196
0.0002677933782235115
0.0002749044225236194
0.0002823284586453623
0.000290066282502177
0.000298117810102759
0.0003064829435272457
0.0003151606249778114
0.0003241496856771619
0.0003334482509465932
0.0003430537863013102
0.0003529635533679617
0.0003631741459921877
0.0003736816552594155
0.0003844815479996629
0.0003955690712280439
0.000406938732887222
0.0004185846628294591
0.0004305004710400543
0.000442679171209818
0.000455113605738488
0.0004677960164887368
0.0004807181474095555
0.0004938714957220081
0.0005072470048294261
0.0005208354782168052
0.0005346271051222135
0.0005486119263239973
0.0005627797772075143
0.0005771197664746849
0.0005916215500616387
0.0006062739127308978
0.000621065567480815
0.0006359853151643349
0.0006510217157899748
0.0006661631406458367
0.0006813981507920368
0.0006967149432179451
0.0007121021221018659
0.000727548106427461
0.0007430413788529679
0.0007585708828167512
0.000774125177228857
0.0007896933470744297
0.0008052646805346915
0.0008208290238725499
0.0008363758659719052
0.0008518955221123598
0.0008673785938643248
0.0008828160981396377
0.0008981992541948783
0.0009135200514527405
0.0009287709184597496
0.0009439446770536848
0.0009590349024810883
0.0009740355593357102
0.0009889414789862004
0.001003747829140465
0.001018450611872915
0.001033046598862503
0.00104753299207533
0.001061907979370176
0.001076170420006154
0.001090319690107574
0.001104356381118144
0.001118281168403423
0.001132096418905701
0.001145804343265166
0.001159408627004176
0.001172913332389487
0.001186323325260077
0.001199644663596528
0.001212883380696969
0.001226047044977888
0.001239143701879399
0.001252181807799969
0.001265170993857409
0.001278121172650445
0.001291043228428241
0.001303948557371233
0.001316849144976855
0.001329757704021281
0.00134268716179957
0.00135565105781511
0.001368664059300612
0.001381740256762323
0.001394894782241284
0.001408142901174206
0.001421500314748748
0.001434982931697104
0.001448606955738506
0.001462388625625751
0.001476344437231976
0.00149049094084668
0.001504844615432723
0.001519421954650531
0.001534239531276857
0.00154931377967673
0.001564660486199921
0.001580295891769928
0.001596235467443237
0.001612494549275291
0.00162908795437375
0.001646030219717742
0.001663335518737038
0.001681016854643862
0.001699087290911849
0.0017175589603353
0.001736443302976316
0.001755751135220839
0.001775492597805458
0.001795676607861381
0.001816311567145623
0.001837404895877321
0.001858963303144662
0.0018809920905054
0.001903495720866662
0.001926477726914359
0.001949940868539523
0.001973886319489729
0.001998314656498604
0.002023224818060301
0.002048614833542441
0.002074482112130233
0.002100822378930216
0.002127629917235958
0.002154898997851118
0.002182621877729617
0.002210789692164809
0.00223939270128318
0.002268420284683651
0.002297860314695168
0.002327699762155829
0.002357924847896061
0.002388520379507255
0.002419470206726973
0.002450757261798423
0.002482364157468378
0.002514271544234559
0.002546460192001835
0.002578909709293122
0.002611598872496399
0.002644505817546414
0.002677608302973188
0.002710882950308607
0.002744306926068304
0.002777855281408364
0.00281150431286277
0.002845228647426148
0.002879003623124839
0.002912803851469348
0.002946603790850039
0.002980377863383159
0.003014100541674033
0.003047746135081148
0.003081289581336947
0.003114705114669949
0.003147967938773861
0.0031810530128882
0.003213936351826249
0.003246593647877819
0.00327900157696825
0.003311136990295016
0.003342977583445812
0.003374501871088966
0.003405688886279427
0.00343651788894575
0.003466969724703512
0.003497026507765743
0.003526669844379846
0.003555883264639814
0.003584651223924879
0.003612958979446103
0.003640792979235755
0.003668140610224385
0.003694990811191224
0.003721333104635802
0.003747158604250416
0.003772459093308476
0.003797228443800324
0.003821460706696013
0.003845151739787569
0.003868298394712962
0.003890898789797722
0.003912952075825017
0.003934459329732834
0.003955421276937605
0.003975841389315359
0.003995723131060216
0.004015072048139397
0.004033893463738694
0.004052195073204289
0.004069984931751655
0.004087272109566701
0.004104066155084889
0.004120377818086276
0.004136219633664119
0.004151603456790264
0.004166542341385857
0.004181050154990054
0.00419514148699271
0.004208831265350012
0.004222134576934545
0.004235067707926823
0.00424764644116047
0.004259887534436434
0.004271807679772197
0.004283423491325346
0.004294752261908804
0.004305810711905359
0.004316615502842046
0.004327183500615797
0.004337531902313512
0.004347676414238997
0.004357633272566973
0.004367418468148468
0.004377046401231828
0.004386532279258474
0.004395890656476877
0.004405134487711656
0.004414276697918157
0.004423330197366957
0.004432305049502438
0.004441213032001001
0.004450063097525656
0.00445886462963725
0.004467625088899304
0.004476351613789988
0.004485050133494765
0.004493725231133297
0.004502381389694055
0.004511020415866072
0.004519645080566998
0.004528255517830173
0.004536850803381612
0.004545430149714596
0.004553990268790047
0.0045625279485703
0.004571037544675899
0.004579513657245645
0.004587949339158731
0.004596336245881599
0.004604665321576897
0.004612926784309585
0.004621109721092429
0.004629201624952785
0.00463719047477223
0.00464506225518622
0.004652802398720825
